1.108664833805034141e+05 6.710886400000000000e+07
1.392549168060324208e-03 1.222010089572033997e-01
1.392179848217806873e-03 7.813348963801125535e-02
1.062335248486386821e-03 7.804278305562013796e-02
1.052118654703885830e-03 7.802613139542090293e-02
1.052114529267151851e-03 7.702305830933749153e-02
1.046151916354597176e-03 7.665979929063417020e-02
1.041841331575488368e-03 7.531221305588568782e-02
1.033739090844682570e-03 7.504566824074632159e-02
1.029752308517131862e-03 7.504352324554941500e-02
1.026835440791989745e-03 7.421770676644648401e-02
1.026826286966133145e-03 7.406750525144639719e-02
1.022289822699089419e-03 7.406530366715742553e-02
1.019521551742404164e-03 7.178827076116015005e-02
1.000379559414401763e-03 7.120262844179141293e-02
9.883257511753360935e-04 6.887401249178491669e-02
9.832750859366423853e-04 6.794424432287050897e-02
9.826245972416962869e-04 6.760772308976600864e-02
9.779475851965585900e-04 6.727730168080123252e-02
9.779445597688184427e-04 6.717546593126623444e-02
9.770547560212640252e-04 6.683573193018059466e-02
9.639430439763200728e-04 6.309569549092768070e-02
9.636750630455094514e-04 6.308745401961848853e-02
9.400122265995757443e-04 5.505128526549797618e-02
9.378993382146601221e-04 5.333747994889755095e-02
9.368223147720637980e-04 5.156609060811394307e-02
9.336241953190250369e-04 5.154068959240547948e-02
9.292537739092284789e-04 4.905272622595131804e-02
9.275224084126250769e-04 4.458906006535183486e-02
9.265714497569935322e-04 3.895096916636021228e-02
9.255810629075823283e-04 3.894045600478642649e-02
9.242879645633344599e-04 3.688969558539925697e-02
9.215441729286558224e-04 3.200682746443434673e-02
9.213800963591220342e-04 2.776759374088123150e-02
9.173059218417960268e-04 2.755816449473315333e-02
9.171848806323234984e-04 2.727466457195698232e-02
9.165948934739212182e-04 2.721277433512439212e-02
9.159856308268754565e-04 2.701412069550826120e-02
9.157367010786518404e-04 2.701186581403437065e-02
9.157104923660867304e-04 2.661641014994423071e-02
9.139336247353335805e-04 2.660766087835743018e-02
9.126760887429303908e-04 2.660384234697431294e-02
9.121968728753824260e-04 2.644317759255643274e-02
9.107173239318522772e-04 2.642338943836339965e-02
9.106922193676679662e-04 2.615139886423536314e-02
9.105632360845469613e-04 2.615133835670926596e-02
9.105581609962642856e-04 2.615096273457788098e-02
9.098477347249978335e-04 2.604174464948920756e-02
9.097814218271684872e-04 2.603395106426741740e-02
9.096035403576027776e-04 2.595363352985887578e-02
9.094884427973755521e-04 2.562337521753953185e-02
9.084342282709478899e-04 2.555385871522753566e-02
9.084321477260327198e-04 2.504682701085794369e-02
9.084038769874262656e-04 2.493492285745387352e-02
9.074109254856182506e-04 2.492359367679393770e-02
9.070022353099791443e-04 2.430773681365399133e-02
9.058399536434101965e-04 2.404572749750416572e-02
9.050310249849981628e-04 2.365580312383101444e-02
9.044852756444882571e-04 2.336973337534047068e-02
9.043378147413674286e-04 2.334854102687381611e-02
9.036690242655177202e-04 2.334072407641359093e-02
9.031144238994111241e-04 2.324934864653769792e-02
9.020219056542010767e-04 2.324833622181624038e-02
9.015536078286714343e-04 2.317471214685267594e-02
9.014878623748337309e-04 2.289158015744894442e-02
9.009365813753316332e-04 2.289107644133109992e-02
9.003626774547940142e-04 2.273421059131446736e-02
9.003389553553831125e-04 2.267875621971140662e-02
9.002317289302358676e-04 2.263173537469869226e-02
8.988485935124099517e-04 2.262180677170246013e-02
8.986040892381628705e-04 2.262141473637430469e-02
8.985596828498320721e-04 2.255188634307746243e-02
8.983810172190489574e-04 2.230411920798993849e-02
8.982742966155752131e-04 2.218039744705358265e-02
8.981614254444883092e-04 2.213131786154961742e-02
8.980224304104477903e-04 2.203545904342654044e-02
8.976898319880071515e-04 2.194303774833571835e-02
8.967551270240216744e-04 2.192705504367180661e-02
8.965361607122139054e-04 2.191755369367049192e-02
8.962688717579802341e-04 2.172889270773023518e-02
8.962190260966924806e-04 2.172875218382550391e-02
8.961254128924950454e-04 2.172871705323184410e-02
8.948847666400438529e-04 2.157238473150869043e-02
8.941245901561998893e-04 2.156325526254212338e-02
8.940563019284926850e-04 2.154370091402584703e-02
8.921535589829477329e-04 2.147656157272750943e-02
8.897701332733912519e-04 2.145519093154292858e-02
8.897632383645669206e-04 2.141607337221156787e-02
8.884877014785721484e-04 2.140415851088919505e-02
8.883990693445902942e-04 2.131241536430668673e-02
8.874249315793242537e-04 2.126611950243388963e-02
8.869799673679578528e-04 2.126189379965991513e-02
8.859444005880664618e-04 2.126188217544044273e-02
8.853272438705049423e-04 2.126120322149269853e-02
8.834800799101062739e-04 2.117312820836911996e-02
8.834596810461302569e-04 2.116683564837893577e-02
8.814977203905464444e-04 2.106614956339175615e-02
8.814963905211917238e-04 2.105832137091747866e-02
8.746495256108066359e-04 2.100594630138140351e-02
8.719658043409373241e-04 2.099024088352059378e-02
8.719653497590501090e-04 2.080941651585301033e-02
8.717846453751625048e-04 2.080431662244852306e-02
8.705755817022748418e-04 2.074049664618411032e-02
8.704193613105795342e-04 2.073483069291524525e-02
8.704170087040859118e-04 2.071256796176579318e-02
8.702899923850740752e-04 2.068104960423448185e-02
8.702138103482869513e-04 2.067566542074228061e-02
8.698517125927805087e-04 2.066303785337679153e-02
8.692707359367424311e-04 2.062845889035343216e-02
8.690229710062843862e-04 2.050044196385304371e-02
8.682386339760185100e-04 2.049887265474738957e-02
8.656025523016588723e-04 2.043144333614219099e-02
8.655610244944607562e-04 2.042867900960453412e-02
8.649679107176731644e-04 2.042640612251925281e-02
8.649526097648692347e-04 2.042061901861969009e-02
8.644597836615263353e-04 2.041900152837599833e-02
8.637747293279218275e-04 2.040708707733988533e-02
8.637392143539990470e-04 2.040706464717051416e-02
8.636902946107983961e-04 2.039607739818613194e-02
8.630142544783118508e-04 2.038601385560685764e-02
8.628668601179564608e-04 2.038457794263002013e-02
8.627220548805867402e-04 2.038446177323818831e-02
8.626049703088758871e-04 2.036630964130946644e-02
8.620314114775583800e-04 2.036313713201376788e-02
8.610294776676081846e-04 2.035725635306083817e-02
8.579981525065098150e-04 2.022963187848408201e-02
8.573725706992533883e-04 2.020809804460786327e-02
8.569651063625559210e-04 2.020693239228705043e-02
8.568121459011382663e-04 2.020526251711831853e-02
8.567136114035169480e-04 2.020210934146652801e-02
8.553187549709234368e-04 2.010775386971864684e-02
8.543302971255453465e-04 2.010464134769463646e-02
8.524100336887303593e-04 2.009665691121655454e-02
8.522453572001315166e-04 2.007226611417245107e-02
8.518974406758435865e-04 2.006632177956324883e-02
8.518838504626505010e-04 2.006454284479947461e-02
8.518821414685895420e-04 2.005607531251861822e-02
8.518702424298785951e-04 2.005507303002267844e-02
8.510330711954828403e-04 1.996760778237472583e-02
8.510023530815004605e-04 1.995707120555101008e-02
8.508771137412069830e-04 1.991612179396806334e-02
8.507294823043347548e-04 1.990994168613266502e-02
8.507259244329667914e-04 1.990404901016678760e-02
8.505532145958596231e-04 1.990381482833718241e-02
8.500517288641403716e-04 1.989886291779953062e-02
8.497529967082812895e-04 1.989808744321855047e-02
8.489419872271785619e-04 1.989553241656612237e-02
8.489333987683168273e-04 1.989141727534877307e-02
8.484351471713040375e-04 1.981222964094567565e-02
8.484107736103037095e-04 1.980937859769430279e-02
8.461208521854176202e-04 1.979913038356239524e-02
8.459656485800581046e-04 1.979736793371522641e-02
8.457225371173858648e-04 1.979469517691954950e-02
8.456966865663972151e-04 1.977338626230924074e-02
8.456906391581663508e-04 1.977256098504328805e-02
8.456897682912753803e-04 1.976414458657246506e-02
8.448532780603758416e-04 1.975423673409503270e-02
8.448492251216543382e-04 1.974574672862781585e-02
8.446098179034952202e-04 1.974160355515171966e-02
8.441210225607283279e-04 1.973240303338761464e-02
8.440968368465951843e-04 1.971490947127121571e-02
8.437527504341937575e-04 1.970233736862617505e-02
8.437049982938699035e-04 1.970223955086449277e-02
8.436368396273042454e-04 1.970160823731237007e-02
8.432899519893967064e-04 1.968894309148882388e-02
8.432709039719330293e-04 1.964835939053800537e-02
8.427107455648093128e-04 1.962209150707507760e-02
8.408098026440886507e-04 1.958103978953884897e-02
8.373054996665931426e-04 1.955232131998755479e-02
8.361456764779345938e-04 1.951464686138806165e-02
8.359381370026846333e-04 1.951379028162193371e-02
8.356429458983745395e-04 1.950946107357025630e-02
8.348530389760889419e-04 1.945182888810195743e-02
8.329622348175906360e-04 1.941254959527257892e-02
8.327997346233976562e-04 1.941251395652631231e-02
8.323549575360574904e-04 1.941197856341798575e-02
8.322016317426058967e-04 1.940134690987088337e-02
8.322009176397019174e-04 1.939823915105796590e-02
8.319297277347183217e-04 1.938370804610221182e-02
8.318308033246927732e-04 1.937508886844971009e-02
8.316895712820865632e-04 1.937446148695245313e-02
8.316631521788109575e-04 1.937384857352252368e-02
8.315715883503672565e-04 1.937229755581422463e-02
8.315619987749235274e-04 1.936902251686999782e-02
8.306380215551003405e-04 1.935749828659831182e-02
8.304910349350613959e-04 1.935258634698358571e-02
8.304765928125712980e-04 1.934907378875322034e-02
8.304115592806004306e-04 1.934535188392911761e-02
8.302427018699381697e-04 1.933030694201202243e-02
8.299497339221064297e-04 1.933006587027433221e-02
8.298846025808926524e-04 1.932994495774090216e-02
8.292366047265492318e-04 1.930724361827887078e-02
8.286161854552079493e-04 1.929514220432354196e-02
8.286123799429389279e-04 1.929505516360371584e-02
8.285202136465657325e-04 1.929052356698198953e-02
8.280489278721163372e-04 1.928922038204650483e-02
8.280479498175234016e-04 1.928911753880790947e-02
8.274255795311325152e-04 1.927087660214847967e-02
8.268983695091553258e-04 1.927077504545026548e-02
8.266842749233263479e-04 1.926967481611487412e-02
8.263813585004716605e-04 1.926319699388789886e-02
8.260122923828508868e-04 1.926173655597632206e-02
8.258421027370976093e-04 1.925827120083403385e-02
8.257590304597650470e-04 1.925232999407687148e-02
8.255049964460853826e-04 1.923985861426898841e-02
8.255048052828294763e-04 1.923187167127082819e-02
8.254297058524501934e-04 1.921362818741175274e-02
8.250557748924717974e-04 1.919805567267018204e-02
8.248903347314809212e-04 1.919800321254914663e-02
8.248886785935928513e-04 1.918820516187428465e-02
8.248252470398879542e-04 1.918618733159103279e-02
8.240865350314497241e-04 1.918610303677145343e-02
8.240357719346968080e-04 1.916470428917822072e-02
8.239217949251124171e-04 1.916423526215324524e-02
8.236756619371424183e-04 1.916173475928610592e-02
8.236753452005548311e-04 1.915590304413440290e-02
8.234185057193212608e-04 1.914967187560551870e-02
8.234020556358057378e-04 1.913849222027963135e-02
8.227232532389173883e-04 1.911780550653645674e-02
8.226393635572988583e-04 1.910579550205898994e-02
8.226336140970403861e-04 1.910544976170132012e-02
8.225415683265849959e-04 1.910503517419827671e-02
8.225379606813504720e-04 1.910267912424673531e-02
8.225356301828295287e-04 1.908837876326671332e-02
8.216534256712492140e-04 1.903043358288542333e-02
8.216439270580567795e-04 1.902952659660123169e-02
8.212966827496290820e-04 1.902074983053862398e-02
8.208668409172076774e-04 1.899998802794426039e-02
8.205509327913165958e-04 1.899980627652137627e-02
8.205237377259738197e-04 1.899980455788634684e-02
8.205210702977910799e-04 1.899976052665919637e-02
8.204217108980962469e-04 1.899408802781307054e-02
8.203637635439330012e-04 1.899283061704840764e-02
8.203636235291221664e-04 1.899242581765004517e-02
8.198351430854549293e-04 1.898307208921382050e-02
8.197602355007145222e-04 1.897826402203908400e-02
8.196373270106341877e-04 1.897094166451663080e-02
8.196283630407629047e-04 1.896942347449859928e-02
8.193489397361021021e-04 1.896248739020058027e-02
8.193477059420730280e-04 1.895692311472787703e-02
8.193472609439982892e-04 1.895620856885476407e-02
8.192233213624503223e-04 1.894529175965352710e-02
8.191573800347338704e-04 1.894528929475099502e-02
8.191494521296528632e-04 1.894145327803964732e-02
8.190680627619225567e-04 1.894030138718812151e-02
8.189954293752712200e-04 1.892236239666761355e-02
8.187684239705890965e-04 1.892140005961133811e-02
8.186061811562098675e-04 1.891838564747914953e-02
8.185858895199937249e-04 1.891488730154628276e-02
8.183723451198039820e-04 1.891328816310374264e-02
8.177161257673601922e-04 1.891275160697481611e-02
8.176847389161870806e-04 1.891216842591969191e-02
8.175522277875424447e-04 1.890884270331019343e-02
8.164512942355377830e-04 1.888489717137118232e-02
8.162877230465676731e-04 1.888379008568757955e-02
8.162530773394683454e-04 1.888140712653866432e-02
8.162160800634269504e-04 1.888132889504992931e-02
8.156479600255743014e-04 1.886175469719452921e-02
8.154709986740858079e-04 1.885997236225419108e-02
8.150834669567725947e-04 1.885957661105747141e-02
8.150832541830113111e-04 1.885851519734422360e-02
8.148701127452329454e-04 1.885792055699134911e-02
8.148094083975931934e-04 1.885010983306279961e-02
8.146998948536567781e-04 1.883974835695213790e-02
8.143541879933423452e-04 1.883974811454671577e-02
8.143275456812265481e-04 1.883865368143143593e-02
8.138621949584219596e-04 1.883861016183611958e-02
8.137671098909818020e-04 1.883745494520366534e-02
8.134368505241882513e-04 1.880348905888816827e-02
8.134086381575851002e-04 1.880181864627554142e-02
8.134075623475759895e-04 1.880137143510595549e-02
8.131844566469432394e-04 1.878988667072338872e-02
8.127590144645968672e-04 1.878837308495728484e-02
8.126864464947238615e-04 1.878756610890694109e-02
8.126316251473397843e-04 1.878661874028012338e-02
8.125650569277780401e-04 1.878616245112195784e-02
8.124899968802101139e-04 1.878510827051148302e-02
8.124549373782875101e-04 1.878183386885036443e-02
8.124547158565121946e-04 1.878182722224524398e-02
8.124314240292796396e-04 1.877799916727722340e-02
8.120378128200566410e-04 1.877121183600812329e-02
8.120378063683499591e-04 1.876869334810043338e-02
8.120259259069443963e-04 1.876302265230320176e-02
8.119005993663365667e-04 1.875847343596934169e-02
8.118840254527001903e-04 1.875179159643380888e-02
8.118840008198930031e-04 1.875085225794028559e-02
8.117607275551088448e-04 1.874968908629513764e-02
8.114801006777140526e-04 1.874755657008131404e-02
8.111880802833346810e-04 1.874356961953029671e-02
8.111505048894476983e-04 1.874333352287033821e-02
8.109867943470542564e-04 1.873774555905421968e-02
8.106655079723133197e-04 1.873685221085932481e-02
8.105421697091137658e-04 1.873590617717633966e-02
8.104515304263080295e-04 1.873535394652071570e-02
8.103385976050593706e-04 1.873479681676044548e-02
8.100366560231014911e-04 1.873038890314366461e-02
8.099865633471916562e-04 1.873014069604339235e-02
8.099759171043823414e-04 1.872996853971903644e-02
8.098057574516545967e-04 1.872505939013333065e-02
8.097856054482672995e-04 1.872438268510539724e-02
8.094187197990581478e-04 1.872437468522087506e-02
8.090337931019539203e-04 1.870703768350405125e-02
8.089934577883704011e-04 1.869961942029876173e-02
8.089880224691661358e-04 1.869955625788300921e-02
8.088386032300805620e-04 1.869657435460994957e-02
8.088380565334066285e-04 1.869597562914807748e-02
8.087186971750928753e-04 1.869218708484771466e-02
8.086869681881094125e-04 1.868636366031540402e-02
8.086609405336606105e-04 1.868191278688125651e-02
8.084545486170230215e-04 1.867988815516671494e-02
8.084545415141594768e-04 1.867985880234557597e-02
8.081313496714009025e-04 1.867977236869820812e-02
8.081309793568789085e-04 1.867950104227445243e-02
8.078020968721615937e-04 1.864807630785492512e-02
8.077996631861628822e-04 1.864514369407853367e-02
8.077988158173548400e-04 1.864497728043632355e-02
8.077066746852634357e-04 1.863976304200731793e-02
8.073542947727637429e-04 1.863802317997254043e-02
8.070696288730741606e-04 1.863535143214570255e-02
8.070431403987679336e-04 1.863534546567108610e-02
8.069742843959532008e-04 1.863370631007211370e-02
8.069441406630285113e-04 1.863336961766391339e-02
8.068939829423025720e-04 1.863222381796244762e-02
8.066581642591195717e-04 1.862902075172960178e-02
8.063547103269181737e-04 1.862434333343915976e-02
8.062583299910741977e-04 1.861995762776203628e-02
8.061737592688422238e-04 1.861960329260547650e-02
8.061057050183984734e-04 1.861557565324925903e-02
8.061034728519357378e-04 1.861366734740298873e-02
8.059454841952295610e-04 1.861366727936356394e-02
8.056791157324021862e-04 1.861083744815342569e-02
8.054559427170843600e-04 1.860687917453874088e-02
8.054525623155547008e-04 1.860678115143910363e-02
8.054452957292616193e-04 1.860606232893174602e-02
8.052795270887703073e-04 1.860058761980399461e-02
8.050279883042580275e-04 1.859702388463445322e-02
8.050196428569963937e-04 1.859702375134634697e-02
8.050195743330350404e-04 1.859686653137906931e-02
8.047085946776404717e-04 1.858315231014748617e-02
8.045425613929587001e-04 1.858105950011237906e-02
8.043954006607110553e-04 1.857323926950176646e-02
8.043909530762457334e-04 1.856940166329924466e-02
8.042397480951597082e-04 1.856285043382068303e-02
8.042372876756098601e-04 1.856173067413130137e-02
8.042073381300282424e-04 1.856116275669949384e-02
8.041608748199471132e-04 1.854400144893453978e-02
8.041559988288042539e-04 1.854275638372385529e-02
8.038270231375388821e-04 1.853761896915872079e-02
8.037619323100679645e-04 1.852850531636594106e-02
8.037463590950586325e-04 1.852847370283996348e-02
8.037093999871783604e-04 1.852734178722711261e-02
8.037084822707431806e-04 1.852683542355633081e-02
8.036990239613674538e-04 1.852623803666829383e-02
8.036984711913534472e-04 1.852488281901369313e-02
8.029921607952256440e-04 1.850685683215621755e-02
8.029692527403809810e-04 1.850630838223074962e-02
8.029454255746760897e-04 1.850470557856247894e-02
8.029317279381259021e-04 1.850041945693556289e-02
8.027755763952851634e-04 1.849727482525647879e-02
8.027343187142874266e-04 1.849212714768047605e-02
8.026276933099333200e-04 1.849086212145113067e-02
8.026155953294246588e-04 1.849061491763523066e-02
8.026132507503981823e-04 1.849057364576901091e-02
8.025674166551975556e-04 1.849053057872249509e-02
8.025394049416698311e-04 1.848925466041406382e-02
8.021869013371225399e-04 1.848535899774480726e-02
8.021660296949488555e-04 1.848534432498126837e-02
8.021565979219979874e-04 1.848515704545467681e-02
8.020657578464287585e-04 1.848505519917949258e-02
8.020618822105931699e-04 1.848293787252589665e-02
8.019584146749566666e-04 1.847575173285591690e-02
8.019290925051319715e-04 1.846585868899395383e-02
8.018996679199104751e-04 1.846485440845889101e-02
8.018927194222679735e-04 1.846483913079499661e-02
8.018377929519138886e-04 1.846170441471855009e-02
8.018275576537782631e-04 1.845856150657727499e-02
8.018114732668428545e-04 1.845856131227927716e-02
8.016986591442942615e-04 1.845832350179493764e-02
8.016841002297046262e-04 1.845830418014464402e-02
8.016784408405411592e-04 1.845540406322407692e-02
8.016668536202415816e-04 1.845290242476744016e-02
8.015974140068960700e-04 1.844768808787667497e-02
8.011803554130397884e-04 1.844213202920645667e-02
8.011039368572927567e-04 1.843524866572827242e-02
8.010201487022451227e-04 1.843415085461284561e-02
8.010154353545704013e-04 1.843230501160028970e-02
8.008883179123997813e-04 1.842382068207895976e-02
8.008746264174926690e-04 1.842259016351328882e-02
8.008096390276889286e-04 1.842252341553197309e-02
8.007776593513596646e-04 1.841391803235528299e-02
8.007461364960723324e-04 1.841349690906598016e-02
8.007369858999437411e-04 1.841343590131132996e-02
8.003281569641631284e-04 1.839411150850452092e-02
8.003219670269714082e-04 1.839326531032474052e-02
8.003091384525020920e-04 1.839324589113408223e-02
8.002946031033627205e-04 1.839296164760464286e-02
8.002379600316699131e-04 1.839295565782945313e-02
8.002365138651734624e-04 1.839183697326586195e-02
8.002296815654146326e-04 1.838612018402106807e-02
7.998918514079434447e-04 1.837740073555661421e-02
7.997852695280988555e-04 1.837396608293640973e-02
7.997645204341834960e-04 1.837287935598390723e-02
7.997642176362305521e-04 1.837285990506732150e-02
7.997518463694599979e-04 1.837155038391463657e-02
7.997470948679400674e-04 1.837060892290987013e-02
7.997297027562712528e-04 1.837025221580771903e-02
7.997297012059860705e-04 1.836924387897732533e-02
7.997219620552213854e-04 1.836874425869963745e-02
7.997219617259902769e-04 1.836633654645607530e-02
7.996493500355883379e-04 1.835973528870460739e-02
7.996176273815417627e-04 1.835725875587782344e-02
7.995798380769058569e-04 1.835725815483232534e-02
7.994581526750873775e-04 1.835194701505061740e-02
7.994567612494385238e-04 1.835193783927848918e-02
7.994417184346287557e-04 1.835193020902006061e-02
7.994147395949906384e-04 1.834994754484991011e-02
7.994088131264404616e-04 1.834961974470828913e-02
7.993732399438677584e-04 1.834914168141124277e-02
7.993603980121408679e-04 1.834884775131037302e-02
7.993074282367690396e-04 1.834575586384603815e-02
7.993032508346297740e-04 1.834566879661444702e-02
7.993012647406179741e-04 1.834566753552432927e-02
7.992070571516101795e-04 1.834091990351314344e-02
7.991607683257853038e-04 1.834033808416977995e-02
7.991452682868537992e-04 1.833671337857771880e-02
7.989700334351676958e-04 1.833111179798630960e-02
7.989686740788221097e-04 1.833110105383879002e-02
7.989673542363085086e-04 1.833108838998428330e-02
7.989634978744107260e-04 1.833108459474032045e-02
7.989163726139252757e-04 1.833105775176102625e-02
7.988810334212260566e-04 1.833091479076314964e-02
7.988554972082069060e-04 1.833075581152267611e-02
7.988204034805590752e-04 1.832997379157816700e-02
7.987484307635933645e-04 1.832995935330947526e-02
7.986545632198301364e-04 1.832451911090560506e-02
7.986357025205825192e-04 1.832429501879206599e-02
7.986081793430497644e-04 1.832330946720949275e-02
7.984783636985228307e-04 1.831708877974482647e-02
7.984380645957657495e-04 1.831429934977501020e-02
7.984255240123240517e-04 1.831428217368380809e-02
7.984194080488398078e-04 1.831344454487002227e-02
7.984094633463399530e-04 1.831176086345668447e-02
7.984094247183399573e-04 1.831169765931580512e-02
7.984013425167114063e-04 1.831126732143473906e-02
7.983992548624228164e-04 1.831119424201885573e-02
7.981825242993516919e-04 1.830962882381768561e-02
7.981613515735918847e-04 1.830739103293931719e-02
7.981171240131266879e-04 1.830725419801770490e-02
7.980803645681892790e-04 1.830596962375927866e-02
7.977938477394017720e-04 1.829666039724953813e-02
7.977791390049588901e-04 1.829605730561763635e-02
7.977620982256405490e-04 1.829418923141392164e-02
7.975982448380340185e-04 1.828781772939508388e-02
7.975663936405979690e-04 1.828149214942430267e-02
7.974428637733086160e-04 1.828008288662254927e-02
7.974080276867739816e-04 1.827787942901590301e-02
7.970049332940021139e-04 1.825410050891338939e-02
7.969927399443942247e-04 1.825373130276598463e-02
7.969403189220518498e-04 1.824762913813294044e-02
7.965762665647812190e-04 1.824360460109301571e-02
7.965760779778867460e-04 1.824307331846265062e-02
7.965194465399133171e-04 1.824247512088986861e-02
7.965174241218362337e-04 1.824221099747044827e-02
7.959054409057704071e-04 1.822813620251619027e-02
7.958981988329476807e-04 1.822646536598002825e-02
7.958977657421888955e-04 1.822640394057067209e-02
7.952715367992864003e-04 1.821083036677318898e-02
7.951913171985898737e-04 1.820690299710569018e-02
7.951788084464274332e-04 1.820052484328778600e-02
7.950989971165909513e-04 1.819869128442307138e-02
7.950897230388428993e-04 1.819864823123397077e-02
7.949765667027475268e-04 1.819642714757258722e-02
7.949477286455822970e-04 1.819367696787637170e-02
7.949249908400608453e-04 1.819096441407637779e-02
7.949241446528809490e-04 1.819085804991852143e-02
7.949241440346984690e-04 1.819085791384997264e-02
7.949046713571395091e-04 1.818882040179055359e-02
7.948750607004457635e-04 1.818766190003924879e-02
7.948519344202750530e-04 1.818753466851077624e-02
7.948238455836209755e-04 1.818521206071049834e-02
7.946410804982891431e-04 1.817981809826602069e-02
7.945637603868482965e-04 1.817688975544940605e-02
7.945571488339834296e-04 1.817610529672789021e-02
7.945564880647461433e-04 1.817610494329184243e-02
7.945441581352076206e-04 1.817345417921218884e-02
7.945280017672024528e-04 1.817189782315106403e-02
7.945004169011028999e-04 1.817104305422772778e-02
7.943583152362440093e-04 1.816780876296210032e-02
7.941862495517329045e-04 1.815895192122793725e-02
7.941653368256153559e-04 1.815891862225100378e-02
7.941628027102039201e-04 1.815890904253493476e-02
7.939000570316576610e-04 1.815095430843913574e-02
7.938876271690499401e-04 1.815015229861864990e-02
7.938381617960771309e-04 1.815015178808674148e-02
7.938002627967316377e-04 1.814850353357895865e-02
7.937963348531787552e-04 1.814741983888529600e-02
7.937943782992338540e-04 1.814725988843769039e-02
7.937871230974067336e-04 1.814692866368502674e-02
7.937432099636442017e-04 1.814638371690820845e-02
7.937399922523313096e-04 1.814574833715444646e-02
7.937391385174545708e-04 1.814436341124492369e-02
7.936840113782115368e-04 1.814367552804983102e-02
7.936702906557187949e-04 1.814169129564488156e-02
7.936519019301058317e-04 1.814162452241226478e-02
7.935737474930606127e-04 1.814043991233241573e-02
7.935666070302445363e-04 1.814017863274535250e-02
7.935421623764853582e-04 1.813728115868402241e-02
7.935403480893574906e-04 1.813595590750239489e-02
7.935279556138187963e-04 1.813457081284780212e-02
7.931465722233256880e-04 1.812880357527163130e-02
7.931246160825283949e-04 1.812697942662017114e-02
7.930544094631817448e-04 1.812665718159621464e-02
7.930455198440802518e-04 1.812643573054336169e-02
7.929662141402171521e-04 1.811610261955960005e-02
7.929585232304686834e-04 1.811556301412932043e-02
7.929574760313118668e-04 1.811527245801064848e-02
7.929551738693308522e-04 1.811352153104600279e-02
7.929549645899168497e-04 1.811324729377006629e-02
7.929171080838192092e-04 1.811316546279426176e-02
7.929085457633318172e-04 1.811228568633153554e-02
7.926056830981041690e-04 1.810334703160860342e-02
7.925907781786169486e-04 1.810278876209730006e-02
7.925592563951181077e-04 1.810261955682644641e-02
7.925483785149472658e-04 1.810239757766672966e-02
7.923873371665675347e-04 1.809773524206661696e-02
7.922967632116504049e-04 1.809343661183683907e-02
7.922569467520125877e-04 1.809241626020097887e-02
7.922507199900690692e-04 1.809231248903945058e-02
7.921349149510026593e-04 1.808623564261832226e-02
7.921152598735068566e-04 1.808520529769810578e-02
7.921140074007976522e-04 1.808265336004255888e-02
7.921064538560113619e-04 1.808227654510729046e-02
7.921047851310854346e-04 1.808218679779030266e-02
7.920864734721560184e-04 1.807917560556184661e-02
7.919450970298008144e-04 1.806914382774873346e-02
7.919326961554375155e-04 1.806703075137475883e-02
7.919280776144905836e-04 1.806685693941675885e-02
7.918709530693441136e-04 1.806595480660737676e-02
7.918593820111043992e-04 1.806545940782237555e-02
7.917457306982577086e-04 1.806286010950530416e-02
7.917147076857417162e-04 1.805918040535781088e-02
7.916324896968049288e-04 1.805355866870927278e-02
7.916273423146118118e-04 1.805355070089054506e-02
7.916273221259607137e-04 1.805270226112089954e-02
7.915840493122434322e-04 1.805254081773376845e-02
7.914923127671843073e-04 1.805160159816731821e-02
7.914502810974147337e-04 1.804881505954435486e-02
7.914120055702028459e-04 1.804386473743827685e-02
7.914075603243470817e-04 1.804346371145960568e-02
7.913931306588282023e-04 1.804344316967341696e-02
7.913919206765735121e-04 1.804343799126390327e-02
7.913916804790494235e-04 1.804340236822145338e-02
7.912972652616605609e-04 1.803913911291003119e-02
7.912958770517017912e-04 1.803813396527236337e-02
7.912940494868733700e-04 1.803740369433742483e-02
7.912913554277959836e-04 1.803715178327542148e-02
7.912751757294534793e-04 1.803610278458860419e-02
7.911584755854780392e-04 1.803002161547461596e-02
7.911113501597419632e-04 1.802998441153587719e-02
7.911112692842858915e-04 1.802939834090755769e-02
7.908949571356486182e-04 1.802322862904513073e-02
7.908931749733126180e-04 1.802249757860415261e-02
7.908892743476522583e-04 1.802218541376083075e-02
7.908583599445994858e-04 1.801915446608779933e-02
7.908556546693128230e-04 1.801893491681459333e-02
7.908555985069668903e-04 1.801878261293111960e-02
7.908321800197566902e-04 1.801696293288183870e-02
7.907860168772199187e-04 1.801634823874546584e-02
7.906952553904195375e-04 1.801301558152290302e-02
7.906945206435768512e-04 1.801213397522897358e-02
7.906698216128928754e-04 1.801134751708451109e-02
7.906576530740160383e-04 1.801133735586339310e-02
7.906564286078236444e-04 1.801120372270535036e-02
7.906426493010447172e-04 1.801059262796851634e-02
7.906051935888816842e-04 1.800960465044329842e-02
7.906014997405921580e-04 1.800951470527662260e-02
7.905694250281741949e-04 1.800918183960341021e-02
7.905647972833474172e-04 1.800917513653541718e-02
7.905249604438828676e-04 1.800710958114009469e-02
7.905142496196396022e-04 1.800688598828472514e-02
7.904506171547227757e-04 1.800673915284310006e-02
7.904503037515846989e-04 1.800665710833982205e-02
7.904409750946579053e-04 1.800664608633710181e-02
7.904387730783803611e-04 1.800663623836379346e-02
7.904364493728759794e-04 1.800658016357513380e-02
7.903785690803863308e-04 1.800572480852271479e-02
7.903669362224946321e-04 1.800410823947140582e-02
7.903617873879232583e-04 1.800402100810937281e-02
7.903373191562332398e-04 1.800137829799557457e-02
7.903366524215993741e-04 1.799972051196991121e-02
7.903229502372790399e-04 1.799746580353937461e-02
7.900968103489877875e-04 1.798695791300432278e-02
7.900947468318302936e-04 1.798678096156523451e-02
7.900936340041175019e-04 1.798677901047490355e-02
7.900920925928041350e-04 1.798635636422735162e-02
7.900901905584764616e-04 1.798632751269379701e-02
7.900733278485056908e-04 1.798609690078816284e-02
7.900643020903819419e-04 1.798541964718386801e-02
7.900598331854226386e-04 1.798539902561758011e-02
7.900399817495940306e-04 1.798415863579244309e-02
7.900354397905889501e-04 1.798369794047595394e-02
7.900344490638080627e-04 1.798353549403956808e-02
7.900237584368304238e-04 1.798350073325834242e-02
7.899872223701003308e-04 1.798199517707875852e-02
7.899472917541157033e-04 1.797988642959436403e-02
7.899430272991118463e-04 1.797983957700343208e-02
7.899300688670365250e-04 1.797940514033131293e-02
7.898766894666190081e-04 1.797825906745479513e-02
7.898582465028135486e-04 1.797715763262744057e-02
7.896715180141137365e-04 1.797024652951488902e-02
7.896667902210457828e-04 1.796917815616873304e-02
7.895370367570422746e-04 1.796524376535178422e-02
7.895193121838023831e-04 1.796440686663066180e-02
7.894665657125302669e-04 1.796347265268633669e-02
7.894531422179194803e-04 1.796296491570540527e-02
7.892546278314995466e-04 1.795639326415390813e-02
7.892021306150618677e-04 1.795507556413657169e-02
7.891362929394381840e-04 1.795101549016864251e-02
7.891053115488151897e-04 1.794856858618656958e-02
7.891003251783510874e-04 1.794807547110473939e-02
7.890896812554103537e-04 1.794779586602583688e-02
7.890811745260492820e-04 1.794751269008260444e-02
7.890042614861239286e-04 1.794175614775973468e-02
7.890029739482074759e-04 1.794166706990188084e-02
7.889948817691511867e-04 1.794138016106579248e-02
7.889695564519673366e-04 1.794021447049227655e-02
7.889661474425208607e-04 1.794021302730594222e-02
7.889212910214672778e-04 1.793851176669939568e-02
7.889114594536750799e-04 1.793839781266880554e-02
7.889024640383311606e-04 1.793831174535698639e-02
7.889023918930647286e-04 1.793827255509567245e-02
7.888829174640942530e-04 1.793593888113771684e-02
7.888641445217574235e-04 1.793541557017857418e-02
7.888612560536661933e-04 1.793465448463048284e-02
7.888562419397292073e-04 1.793327705594687654e-02
7.888529718213313502e-04 1.793290199764201523e-02
7.888343070391865865e-04 1.793209921128466680e-02
7.888074400677329984e-04 1.793115095079727064e-02
7.888071177501351479e-04 1.793114954041752709e-02
7.888045834082743190e-04 1.793112339294220328e-02
7.887813581670535335e-04 1.793102406161672935e-02
7.887796032482291249e-04 1.793100196722731757e-02
7.887757999930493672e-04 1.793083666440708004e-02
7.887728591801240492e-04 1.793074879594402232e-02
7.887639007747237422e-04 1.793059676216188919e-02
7.887156407155029511e-04 1.792970512219388413e-02
7.887061130009190811e-04 1.792919273844237674e-02
7.886975480249249068e-04 1.792814191046272071e-02
7.885914956190251488e-04 1.792408543523713038e-02
7.885890762397632222e-04 1.792404173247584900e-02
7.885621220757215236e-04 1.792369634900296826e-02
7.885573990190805323e-04 1.792332812541915302e-02
7.885500228897103676e-04 1.792251854867961403e-02
7.884829667112404263e-04 1.792017959850797024e-02
7.884489547912180638e-04 1.792001605056847691e-02
7.884417460653808836e-04 1.791991298208113481e-02
7.883783955999479343e-04 1.791608133382490559e-02
7.882091401342326701e-04 1.790957252159820420e-02
7.882078244783685770e-04 1.790927237277219197e-02
7.881710772963872267e-04 1.790691990196503769e-02
7.881592704285178769e-04 1.790609653710669921e-02
7.881167771155821178e-04 1.790365257699501680e-02
7.880513229442088173e-04 1.790118598597201238e-02
7.880471760580855895e-04 1.790118308168412928e-02
7.880460163213457879e-04 1.790109426773255769e-02
7.880444461774769151e-04 1.790108355232265108e-02
7.880443421761860459e-04 1.790102476166063536e-02
7.880011160304100856e-04 1.789977829253603520e-02
7.879534369213197446e-04 1.789830879937949482e-02
7.879522306193430334e-04 1.789830258969946769e-02
7.879393538847291167e-04 1.789685555361521588e-02
7.879145808756188914e-04 1.789488913357914143e-02
7.878590668082542615e-04 1.789334257535197398e-02
7.877684057769168387e-04 1.788979707242182096e-02
7.877617271327858354e-04 1.788944803672392128e-02
7.877616856117251572e-04 1.788939716855495604e-02
7.877501301767525542e-04 1.788908388622649850e-02
7.877470861224178909e-04 1.788907572154014788e-02
7.877466614949210980e-04 1.788907156806558360e-02
7.877335053960062830e-04 1.788854263341968856e-02
7.876999627110979011e-04 1.788645459975697627e-02
7.876914866589447822e-04 1.788619156141619052e-02
7.876704600825086295e-04 1.788571584518573732e-02
7.876701202152006131e-04 1.788560462217875929e-02
7.876698769868624266e-04 1.788559257952300127e-02
7.876200583425914436e-04 1.788321414869525200e-02
7.876183614950175342e-04 1.788321272749499730e-02
7.876169084744474597e-04 1.788282367999310257e-02
7.876133294590952549e-04 1.788268154753456379e-02
7.875750587733116237e-04 1.788168967726359859e-02
7.875703272250820152e-04 1.788164574738390286e-02
7.875701862430844547e-04 1.788148590602114604e-02
7.875347641200948880e-04 1.787869090646678968e-02
7.875346369647158885e-04 1.787868540770692558e-02
7.875343388773136874e-04 1.787863958276541751e-02
7.875331530406396059e-04 1.787863933292872104e-02
7.875178703928067134e-04 1.787844324348444869e-02
7.875086536637824130e-04 1.787778166477175384e-02
7.875061792353835795e-04 1.787767012863593005e-02
7.875033621838653086e-04 1.787758573506136039e-02
7.874886819728232987e-04 1.787626362155182377e-02
7.874723447865052258e-04 1.787542275031095071e-02
7.874493778345868214e-04 1.787377013353267166e-02
7.874454376105123957e-04 1.787345122308254750e-02
7.874454344915431201e-04 1.787343014580515532e-02
7.874445661709574386e-04 1.787342865126557989e-02
7.874445588337750362e-04 1.787342484029670608e-02
7.874359518189756992e-04 1.787297291783625924e-02
7.874314051109746089e-04 1.787266952841367815e-02
7.874254363782511512e-04 1.787131332287987887e-02
7.874229081580262895e-04 1.787107338577618304e-02
7.874110368848999874e-04 1.787033972372532864e-02
7.874055789257396231e-04 1.786981409616235708e-02
7.873873207471724896e-04 1.786902035784082229e-02
7.873841820403822481e-04 1.786861773716544310e-02
7.873750784858568001e-04 1.786824321529276519e-02
7.873691964681153255e-04 1.786784282660308990e-02
7.873445400212713413e-04 1.786518433276556780e-02
7.873407522354178159e-04 1.786486010469401711e-02
7.873298122660745205e-04 1.786386947354348664e-02
7.873288460435189963e-04 1.786385030660387827e-02
7.873285681629271955e-04 1.786383156076713427e-02
7.872908797448268520e-04 1.786200737297134050e-02
7.872906079248452897e-04 1.786188584580688729e-02
7.872829167596654028e-04 1.786106132173306479e-02
7.872410591560596556e-04 1.786018240367550150e-02
7.872394627161228122e-04 1.786001655175488076e-02
7.872290612123498260e-04 1.785952766945694131e-02
7.872160158567684599e-04 1.785932489760826483e-02
7.872086786795880762e-04 1.785926575800719091e-02
7.872055644242305751e-04 1.785878677256739003e-02
7.871845414094996067e-04 1.785783413509638498e-02
7.871448887385393972e-04 1.785600427206562521e-02
7.871428102244467859e-04 1.785586029511735187e-02
7.871416933823754871e-04 1.785567081318764973e-02
7.871084437379377921e-04 1.785402376532439772e-02
7.870956871723079054e-04 1.785300231271072860e-02
7.870926084699855297e-04 1.785294003322473663e-02
7.870865668737033524e-04 1.785218462563739616e-02
7.870843504298163104e-04 1.785176056580006429e-02
7.870665911357737970e-04 1.785148788074313389e-02
7.870640339976521039e-04 1.785147479094774392e-02
7.870420807585260100e-04 1.785060439937010551e-02
7.870411461303598085e-04 1.785045504495395147e-02
7.870378415205388873e-04 1.785013600321038243e-02
7.869284988800156382e-04 1.784421197821952493e-02
7.869274224346172169e-04 1.784397201126755247e-02
7.869269922818206966e-04 1.784360706607258235e-02
7.869261948036557035e-04 1.784356043564822372e-02
7.869140293865549245e-04 1.784250952315058480e-02
7.869132197813488066e-04 1.784242943575868254e-02
7.869067435290156773e-04 1.784218669317452072e-02
7.868910413203639717e-04 1.784187830601976013e-02
7.868890191840712499e-04 1.784181887634154681e-02
7.868802539869207977e-04 1.784170290883481044e-02
7.868797921899141302e-04 1.784169801863653287e-02
7.868433241866350713e-04 1.784004889907953029e-02
7.868409514795448060e-04 1.783995938140104862e-02
7.868380907240140124e-04 1.783970511714133567e-02
7.867996882244146593e-04 1.783811596876400812e-02
7.867983979549514470e-04 1.783804111531139824e-02
7.867916056147080230e-04 1.783777024001359859e-02
7.867646662762948963e-04 1.783694401900571408e-02
7.867507935674057044e-04 1.783674054887138954e-02
7.867490727891690051e-04 1.783674053990730313e-02
7.867464918246567986e-04 1.783666021163508170e-02
7.867297840465556618e-04 1.783604467459894150e-02
7.867240471457482816e-04 1.783579242827390554e-02
7.867232615227264577e-04 1.783565043452960824e-02
7.867231900167843397e-04 1.783564723936142613e-02
7.867228253330051796e-04 1.783547236540625192e-02
7.867217391868084339e-04 1.783545769723293359e-02
7.867192975325036945e-04 1.783531911301455136e-02
7.867192222222768897e-04 1.783531909516088837e-02
7.867134972680034409e-04 1.783492700677520235e-02
7.867111481339029815e-04 1.783466169624340139e-02
7.866858600526089587e-04 1.783413362792437423e-02
7.866857995055280463e-04 1.783413020485564646e-02
7.866846321273447771e-04 1.783404510616224195e-02
7.866474859978567777e-04 1.783230992258432249e-02
7.866474489973681672e-04 1.783230482508939979e-02
7.866449228639115637e-04 1.783217550133131199e-02
7.866408260821355480e-04 1.783193162640939883e-02
7.866379506379354196e-04 1.783174950902128436e-02
7.866362652469148812e-04 1.783167984581768284e-02
7.866358844238630771e-04 1.783149855261109695e-02
7.866336644298353850e-04 1.783144478458193252e-02
7.866293884747336705e-04 1.783140919998381022e-02
7.866261412691087293e-04 1.783126331327384087e-02
7.866175122421179521e-04 1.783088489046516859e-02
7.866146670462973627e-04 1.783076986966318500e-02
7.865995764125595239e-04 1.782967491659311413e-02
7.865991847181303537e-04 1.782957710611347835e-02
7.865925110844663266e-04 1.782923653119160290e-02
7.865914259447731637e-04 1.782906981214271713e-02
7.865899187697000501e-04 1.782885910892639814e-02
7.865898928197904028e-04 1.782885251536140206e-02
7.865706698461210613e-04 1.782727838774615312e-02
7.865705234966145461e-04 1.782724071055113990e-02
7.865611115655458301e-04 1.782691840006888837e-02
7.865570580905455146e-04 1.782659531645269801e-02
7.865536004947273506e-04 1.782651048649418202e-02
7.865519013835614581e-04 1.782637477198752499e-02
7.865455014842418673e-04 1.782633341487497441e-02
7.865452888008902512e-04 1.782606546041426432e-02
7.865444375416294704e-04 1.782594534042412221e-02
7.865399676813694414e-04 1.782577073670219697e-02
7.865255035964976689e-04 1.782545321616821332e-02
7.865239023082701113e-04 1.782544979063998766e-02
7.865147432653481251e-04 1.782497290416349550e-02
7.864997012083379960e-04 1.782441440562561319e-02
7.864988772164556744e-04 1.782432342683374152e-02
7.864980498427306954e-04 1.782430325111110034e-02
7.864980275640236045e-04 1.782428215481218076e-02
7.864672362300368378e-04 1.782291694040723240e-02
7.864656416877331951e-04 1.782290824728023637e-02
7.864647754709404564e-04 1.782284565394971418e-02
7.864642285238526839e-04 1.782283837378616578e-02
7.864638361687013857e-04 1.782282337664084504e-02
7.864608171121045431e-04 1.782254435230101394e-02
7.864580005854977665e-04 1.782248340583267310e-02
7.864579997574683897e-04 1.782239494593751417e-02
7.864566397670491723e-04 1.782229924155469616e-02
7.864561682163989740e-04 1.782227462083020575e-02
7.864545866198697751e-04 1.782216084533276221e-02
7.864527739091507243e-04 1.782203469681982802e-02
7.864526529238281610e-04 1.782201389597855984e-02
7.864525859095506787e-04 1.782196818156818810e-02
7.864521740249342044e-04 1.782183479753437355e-02
7.864520388704596783e-04 1.782182616415880008e-02
7.864435139004595727e-04 1.782147027463473407e-02
7.864434712302319783e-04 1.782131196608396917e-02
7.864377500535174158e-04 1.782120885752040348e-02
7.864301611643224107e-04 1.782109641694666624e-02
7.864297601430649768e-04 1.782108456578693906e-02
7.864297589902821380e-04 1.782108455351817666e-02
7.864227672263727651e-04 1.782053149209320703e-02
7.864225370285221834e-04 1.782048253420020698e-02
7.864191513834984087e-04 1.782026302330774747e-02
7.864176465280554602e-04 1.782025144292373811e-02
7.864126834663844046e-04 1.782010774071149731e-02
7.864117865947864742e-04 1.782010748190270000e-02
7.864114055955186405e-04 1.782010711271334730e-02
7.864110358398242618e-04 1.781998037569452673e-02
7.864110008834048838e-04 1.781993034414996666e-02
7.864107110486965669e-04 1.781959974138564579e-02
7.864094796586554173e-04 1.781950120412421901e-02
7.863968247848339334e-04 1.781865604322249719e-02
7.863896893454207747e-04 1.781840209215930504e-02
7.863886605912349861e-04 1.781840094039817066e-02
7.863793310444933864e-04 1.781803487574746062e-02
7.863692196072493562e-04 1.781738944621447801e-02
7.863621449133409609e-04 1.781693479526208490e-02
7.863600074778027190e-04 1.781670393127818969e-02
7.863580663121478524e-04 1.781670297891387381e-02
7.863455282383302819e-04 1.781657856183066491e-02
7.863454876519824143e-04 1.781657849624418422e-02
7.863215922138223424e-04 1.781496328267004325e-02
7.863209450623480064e-04 1.781490399510384307e-02
7.863209124436740770e-04 1.781486505621111133e-02
7.863208483172538657e-04 1.781485880305210684e-02
7.863201384820556498e-04 1.781484070816725246e-02
7.863145660305939037e-04 1.781415997606447532e-02
7.863145304508357969e-04 1.781415732027393645e-02
7.863104196513888595e-04 1.781386658720960151e-02
7.863097039516646564e-04 1.781384974992580861e-02
7.862978861930218890e-04 1.781329445571762718e-02
7.862976265668731842e-04 1.781316140615682442e-02
7.862864537511905652e-04 1.781269806065012909e-02
7.862864533148421252e-04 1.781269742785148574e-02
7.862861226182919034e-04 1.781268558700022098e-02
7.862860733590848385e-04 1.781268557118208251e-02
7.862856179958089978e-04 1.781264019482412322e-02
7.862850912556434068e-04 1.781264018933142318e-02
7.862847131899657928e-04 1.781247052440293466e-02
7.862846512992727015e-04 1.781246945730019515e-02
7.862832984321790680e-04 1.781236479658140567e-02
7.862830333855859964e-04 1.781226451811211350e-02
7.862805259058067370e-04 1.781217455989643483e-02
7.862803005958849756e-04 1.781216061743312942e-02
7.862750258924585496e-04 1.781203841468408447e-02
7.862744552197735524e-04 1.781203786348092497e-02
7.862740762052184600e-04 1.781203383915537161e-02
7.862657090670176338e-04 1.781175125708224852e-02
7.862539407639171753e-04 1.781086751456400705e-02
7.862535972561678034e-04 1.781084069225010239e-02
7.862519797530744241e-04 1.781070248177983248e-02
7.862402970936738884e-04 1.781023672080260870e-02
7.862402299469073343e-04 1.781021888289616162e-02
7.862383938160538537e-04 1.780999883873414860e-02
7.862359978385959677e-04 1.780985973244299941e-02
7.862310943143127357e-04 1.780968732236439672e-02
7.862310897325357206e-04 1.780966515115819590e-02
7.862307623914821519e-04 1.780963201731123116e-02
7.862279156850298821e-04 1.780959257992378864e-02
7.862278503583432221e-04 1.780958489248438137e-02
7.862278365726242365e-04 1.780951446391036003e-02
7.862278023051166766e-04 1.780939871593939863e-02
7.862274320504031777e-04 1.780938996735486474e-02
