1.392857931903000680e-03 1.206185213104629811e-01
1.392813084851691769e-03 7.747302413139882382e-02
1.062082766890669674e-03 7.738774169763330824e-02
1.051835095745256654e-03 7.737691217129197274e-02
1.051817845306551348e-03 7.639365342767019673e-02
1.046019282817543935e-03 7.603250288904961351e-02
1.041387016983695872e-03 7.471360927171524779e-02
1.033071978308190524e-03 7.443277431272427025e-02
1.029058986527757284e-03 7.442953739821463188e-02
1.025922674109125150e-03 7.360549413578267031e-02
1.025906857959892624e-03 7.346513423094329365e-02
1.021343677804859842e-03 7.346280785534498037e-02
1.018223848449912065e-03 7.123329604706057916e-02
9.994862998420046916e-04 7.065377936462276243e-02
9.880804803493051583e-04 6.834695624074853260e-02
9.833143901773263185e-04 6.741154762915697873e-02
9.827169810634342820e-04 6.708185029942863309e-02
9.781992431771259142e-04 6.676230591587410668e-02
9.781981699431190405e-04 6.665938228857143377e-02
9.772386110520419299e-04 6.632219277713555239e-02
9.631803299792774135e-04 6.264821546661167306e-02
9.629042856642195964e-04 6.264023564931085752e-02
9.373092291478377427e-04 5.472184177858496062e-02
9.349403816334093259e-04 5.302297481457174388e-02
9.340170471230295306e-04 5.126371484939062917e-02
9.307509544028020601e-04 5.124013134880919806e-02
9.259330260146461525e-04 4.877192702045561601e-02
9.238340707273341506e-04 4.434876583203786055e-02
9.231144389632520847e-04 3.874425952848679910e-02
9.221107785324525550e-04 3.873370853327746249e-02
9.206102262110336118e-04 3.670708905272761224e-02
9.174370755075764335e-04 3.186221313833365043e-02
9.171880677646990047e-04 2.763895574303643077e-02
9.131604125491853434e-04 2.743004244213220408e-02
9.130581613550106364e-04 2.714935153159139802e-02
9.124393071977442626e-04 2.708841560517472394e-02
9.117877497098603309e-04 2.689167406221476195e-02
9.115399461232945658e-04 2.688944318707187087e-02
9.115233555134511639e-04 2.649750877055838394e-02
9.097255761484305137e-04 2.648875426527459373e-02
9.084506912965469071e-04 2.648500588650741158e-02
9.079555965229644914e-04 2.632356189242186090e-02
9.064521451829859414e-04 2.630385671973407141e-02
9.064193265955894363e-04 2.603306581072866235e-02
9.062847331115869926e-04 2.603297872045777506e-02
9.062802455802231255e-04 2.603262773904423469e-02
9.055716060060735361e-04 2.592229112316934633e-02
9.055006592047462914e-04 2.591469671045108086e-02
9.053315743474570684e-04 2.583468285310131299e-02
9.051963922152230120e-04 2.550696416649764556e-02
9.041595670322320148e-04 2.543791545173845065e-02
9.041594580588160034e-04 2.493507250956939272e-02
9.041254321487156645e-04 2.482397613592504659e-02
9.031162586238167299e-04 2.481273735470071809e-02
9.027481356502180384e-04 2.420062139191499900e-02
9.016094861617350489e-04 2.393804771674251652e-02
9.008358616172687473e-04 2.354909864721791216e-02
9.003167299397479319e-04 2.326355946554841542e-02
9.001622218927056310e-04 2.324259194046450483e-02
8.994922751019439376e-04 2.323473886551012321e-02
8.989517517210825637e-04 2.314382854363608230e-02
8.978411568958936549e-04 2.314273250599446080e-02
8.973844451381626439e-04 2.306946937995547203e-02
8.973293786253816852e-04 2.278795490214744618e-02
8.967730410466063411e-04 2.278743783806154444e-02
8.962178739977241706e-04 2.263113191020199588e-02
8.961941673923499866e-04 2.257511198698504765e-02
8.960913271037404797e-04 2.252820987599314997e-02
8.947045794488538801e-04 2.251824281677210562e-02
8.944691646539562179e-04 2.251792018883196772e-02
8.944198199053292071e-04 2.244865738329192978e-02
8.942197994126249889e-04 2.220268621315608579e-02
8.941236768064516260e-04 2.207997248653709166e-02
8.940047810710434559e-04 2.203104269360943099e-02
8.938755277116184651e-04 2.193598513885085602e-02
8.935291950658308955e-04 2.184390649444872823e-02
8.926077749414213771e-04 2.182822466824423449e-02
8.923854623311774535e-04 2.181852052402253120e-02
8.921397421545688294e-04 2.163170316855866568e-02
8.920877702230985834e-04 2.163153920959351439e-02
8.919962001944718288e-04 2.163151175375586932e-02
8.907926433132118968e-04 2.147674111587706894e-02
8.900347925154012286e-04 2.146764358761278635e-02
8.899717625222656331e-04 2.144846822571251990e-02
8.881007625826625555e-04 2.138215924807541218e-02
8.857376040599479429e-04 2.136121739855867396e-02
8.857310568150546758e-04 2.132191959833028283e-02
8.844553051408283236e-04 2.131001645654535814e-02
8.843743229602977736e-04 2.121901149846170190e-02
8.834068482712631194e-04 2.117273331830039559e-02
8.829583758114763247e-04 2.116847296583516946e-02
8.819127862369816571e-04 2.116845779720537973e-02
8.813014194808638062e-04 2.116782824383702660e-02
8.795066893135846785e-04 2.108147208591275648e-02
8.794864507221649558e-04 2.107514172464066901e-02
8.775468376925272054e-04 2.097486594973951846e-02
8.775453132978652728e-04 2.096688914065958365e-02
8.707233234683616927e-04 2.091498180139099092e-02
8.680764253084227722e-04 2.089985869095449186e-02
8.680763842200779146e-04 2.071973788567363708e-02
8.678931676458642112e-04 2.071455890750712250e-02
8.666954093635133652e-04 2.065080683089268523e-02
8.665428494568922901e-04 2.064522835036675455e-02
8.665406153607579627e-04 2.062282971905526549e-02
8.664167184133505714e-04 2.059140150456826787e-02
8.663392886070283997e-04 2.058602482040395101e-02
8.659724395781342099e-04 2.057336228715122770e-02
8.653789565187713960e-04 2.053896809498271386e-02
8.651413847188190202e-04 2.041130861827274504e-02
8.643599407050714389e-04 2.040977960269755795e-02
8.617363984666257882e-04 2.034243058313684599e-02
8.616934311020163538e-04 2.033969049776542318e-02
8.611039522030778867e-04 2.033747799234413359e-02
8.610870622224164189e-04 2.033180307528997810e-02
8.606073013415674712e-04 2.033033710532455157e-02
8.599424909096328642e-04 2.031888533939397307e-02
8.599103960439479334e-04 2.031887633151454459e-02
8.598646597629842686e-04 2.030810171174195558e-02
8.591851324269106317e-04 2.029796997238040440e-02
8.590361020345835610e-04 2.029649817005438686e-02
8.588912427397164297e-04 2.029637726795588751e-02
8.587778919595999514e-04 2.027836535149622407e-02
8.582168952596302882e-04 2.027538793830219177e-02
8.572077291749740030e-04 2.026948836445875007e-02
8.542133408031785807e-04 2.014268316528451674e-02
8.535810714815239997e-04 2.012110157348636838e-02
8.531786841026508389e-04 2.011998304544081878e-02
8.530305104252835927e-04 2.011839246418067537e-02
8.529320727895230375e-04 2.011523056900544823e-02
8.515693383739999806e-04 2.002184835793417716e-02
8.505792777702437255e-04 2.001874154520446800e-02
8.486805787624744548e-04 2.001106595421859452e-02
8.485237737303343670e-04 1.998709788520443981e-02
8.481823184527607484e-04 1.998130977166982444e-02
8.481679827115493281e-04 1.997946882334831337e-02
8.481652419129339206e-04 1.997130708001132807e-02
8.481522098937912786e-04 1.997035152292181426e-02
8.473361733287389144e-04 1.988359168658810835e-02
8.473080876276567171e-04 1.987325711412469761e-02
8.471917103353016065e-04 1.983297125803284641e-02
8.470472936550351535e-04 1.982689254462028164e-02
8.470427951586041075e-04 1.982115917401584826e-02
8.468717465714526793e-04 1.982093827355139309e-02
8.463770677785522386e-04 1.981610760659424306e-02
8.460814980882906027e-04 1.981528144840228808e-02
8.452650361604161248e-04 1.981272578626404671e-02
8.452553611676214690e-04 1.980871237954027336e-02
8.447790635703643965e-04 1.973064711464832949e-02
8.447551747598456857e-04 1.972781171430959546e-02
8.424776625015088435e-04 1.971775365947576672e-02
8.423195019724687019e-04 1.971601716283314862e-02
8.420794979726973920e-04 1.971340685744272028e-02
8.420508736427883244e-04 1.969235319727884528e-02
8.420445803127398279e-04 1.969150470738600597e-02
8.420437803877615750e-04 1.968305333429172868e-02
8.412215246673732019e-04 1.967342614047323801e-02
8.412167364184557202e-04 1.966505490240075607e-02
8.409835447977737424e-04 1.966105360004747823e-02
8.404963303222911511e-04 1.965188747650046044e-02
8.404744958720266170e-04 1.963463292289030840e-02
8.401406388148055949e-04 1.962236250471667554e-02
8.400943601691374584e-04 1.962225155297041973e-02
8.400265291811330600e-04 1.962162806910585505e-02
8.396845285158423570e-04 1.960909455120748990e-02
8.396680882160982833e-04 1.956893197999431955e-02
8.391228481535555062e-04 1.954314106806919263e-02
8.372461009595656180e-04 1.950260837402510716e-02
8.337762287765242489e-04 1.947450019124340181e-02
8.326378803417590216e-04 1.943738093313121529e-02
8.324308849299136325e-04 1.943649863218914475e-02
8.321370686522091805e-04 1.943220456085720249e-02
8.313682203433483573e-04 1.937536575511584341e-02
8.295011075337726430e-04 1.933664548386930526e-02
8.293379233536306207e-04 1.933661018658072717e-02
8.288944918774811786e-04 1.933604571560821467e-02
8.287360762949399313e-04 1.932551546503019982e-02
8.287355139010337468e-04 1.932243609794693714e-02
8.284675858702077568e-04 1.930798199306435828e-02
8.283703809535754737e-04 1.929941894721954807e-02
8.282272137994845830e-04 1.929876839396327953e-02
8.282017006957267903e-04 1.929817610887137741e-02
8.281117500693932878e-04 1.929665789254067856e-02
8.281015833348812994e-04 1.929341178495409814e-02
8.271846521962559996e-04 1.928201847493197021e-02
8.270397680165576934e-04 1.927715425568185537e-02
8.270261144670103259e-04 1.927368832769130527e-02
8.269625318915957510e-04 1.927001258861386207e-02
8.267978635210881770e-04 1.925511698607682703e-02
8.265096970882912899e-04 1.925490469290941711e-02
8.264445699763910266e-04 1.925478014926119280e-02
8.258059013933701951e-04 1.923231106053856221e-02
8.251972068092450294e-04 1.922047636941351736e-02
8.251933862331673007e-04 1.922038902434946434e-02
8.250990870458599228e-04 1.921589340505670124e-02
8.246292182612209544e-04 1.921461269663082838e-02
8.246281361172363988e-04 1.921451518095715003e-02
8.240190340279370971e-04 1.919662364852119107e-02
8.234909145405714921e-04 1.919652477866277615e-02
8.232779608775161974e-04 1.919544417148465534e-02
8.229796807037406030e-04 1.918907808405949725e-02
8.226130742173454104e-04 1.918765160644959195e-02
8.224442949843293639e-04 1.918421730374620868e-02
8.223601820047032537e-04 1.917825597734344398e-02
8.221114298844885105e-04 1.916594495660461223e-02
8.221111008185806330e-04 1.915803440923840098e-02
8.220397536385541182e-04 1.914001633912014791e-02
8.216735812686551486e-04 1.912467886316118401e-02
8.215094324871371383e-04 1.912463233884935387e-02
8.215074671266904853e-04 1.911487907246610038e-02
8.214422482932753986e-04 1.911289424994439337e-02
8.207042353068740373e-04 1.911281607663422449e-02
8.206562821476905308e-04 1.909162676327801761e-02
8.205413591774105139e-04 1.909116041178361353e-02
8.202991617380855178e-04 1.908873088844854904e-02
8.202989265742309825e-04 1.908291924953261012e-02
8.200474846817323209e-04 1.907682493431213377e-02
8.200324289603397408e-04 1.906578983083610096e-02
8.193657679809101613e-04 1.904543640449524178e-02
8.192799262207115787e-04 1.903343951646476601e-02
8.192743227238458463e-04 1.903308177069450158e-02
8.191826785248950207e-04 1.903265201567723441e-02
8.191791602914144307e-04 1.903029012753561927e-02
8.191772196720594401e-04 1.901605399580536676e-02
8.183162672773092563e-04 1.895881848805589312e-02
8.183069843710118760e-04 1.895791956903483677e-02
8.179651684535861828e-04 1.894927655907131456e-02
8.175451829840759506e-04 1.892882674634254261e-02
8.172297825502941419e-04 1.892865191536012570e-02
8.172026942278435603e-04 1.892864982604493262e-02
8.172000199716894725e-04 1.892860518791917093e-02
8.171024579642117980e-04 1.892298727713085521e-02
8.170446366078147008e-04 1.892171000476178949e-02
8.170444546809365162e-04 1.892131308056758943e-02
8.165212144571924128e-04 1.891206423034565501e-02
8.164483745373403781e-04 1.890732573655742876e-02
8.163276902537087293e-04 1.890006625104456023e-02
8.163185878347424844e-04 1.889854932738431123e-02
8.160426760125691695e-04 1.889169620504513661e-02
8.160415403291963049e-04 1.888612991021628579e-02
8.160410184245173257e-04 1.888542533586829580e-02
8.159207661099981751e-04 1.887465377648715747e-02
8.158554488271545745e-04 1.887465011886279437e-02
8.158468583266319457e-04 1.887086369888008389e-02
8.157674570698434649e-04 1.886975249943103131e-02
8.156984745247921904e-04 1.885203899190610738e-02
8.154723461623684380e-04 1.885109100581772862e-02
8.153128275705089772e-04 1.884813852097836154e-02
8.152922300218670183e-04 1.884462980783001285e-02
8.150801268724498653e-04 1.884305452283821861e-02
8.144265795229349960e-04 1.884254146282712816e-02
8.143954222513858591e-04 1.884196237150086509e-02
8.142646375379523167e-04 1.883867744406272221e-02
8.131859518589230765e-04 1.881527113698676715e-02
8.130233340491550484e-04 1.881418034344200380e-02
8.129883649504169489e-04 1.881178892984985279e-02
8.129515431767100073e-04 1.881170737513787605e-02
8.123941959647338349e-04 1.879242389962835699e-02
8.122185689538496045e-04 1.879066767800999932e-02
8.118310646373880527e-04 1.879027907485406393e-02
8.118308975694502267e-04 1.878922992028352404e-02
8.116183043016770172e-04 1.878864487337199296e-02
8.115589597755387598e-04 1.878088411895418447e-02
8.114523661925108263e-04 1.877063138052664781e-02
8.111059646655234675e-04 1.877063122998633149e-02
8.110796874031262057e-04 1.876954682170250965e-02
8.106126594867151805e-04 1.876950244110833430e-02
8.105163439518437351e-04 1.876835657397815313e-02
8.101946774479420110e-04 1.873471124827490522e-02
8.101673406216849211e-04 1.873307349342919620e-02
8.101662898735258666e-04 1.873262650736865625e-02
8.099471293848672839e-04 1.872125875346146787e-02
8.095259262886194416e-04 1.871980104409708134e-02
8.094522778787898581e-04 1.871900353663482480e-02
8.093967717212849529e-04 1.871805815943502690e-02
8.093313422873114980e-04 1.871761966496036933e-02
8.092567428268107555e-04 1.871657370793075592e-02
8.092224594770452365e-04 1.871332653166199456e-02
8.092222523903304897e-04 1.871332028756068563e-02
8.091997043279098266e-04 1.870953283598587522e-02
8.088110146219494763e-04 1.870284664708362840e-02
8.088110141215174237e-04 1.870034609146093915e-02
8.087996748465543090e-04 1.869470653585253439e-02
8.086732100983496209e-04 1.869014534581757425e-02
8.086574298357498448e-04 1.868351173955066016e-02
8.086573839288443977e-04 1.868258694390340785e-02
8.085360227925609145e-04 1.868145723543508663e-02
8.082564212878213953e-04 1.867934360632583779e-02
8.079676490280242882e-04 1.867542240561378616e-02
8.079301505292743732e-04 1.867518142823682004e-02
8.077684973298740554e-04 1.866964490138776911e-02
8.074487452783266810e-04 1.866877245423266204e-02
8.073260652860012434e-04 1.866783752623920462e-02
8.072366342893787456e-04 1.866730302249710455e-02
8.071246632907257221e-04 1.866675896359931350e-02
8.068255267701464383e-04 1.866240793222166336e-02
8.067758117043195626e-04 1.866216566072784883e-02
8.067651890210212522e-04 1.866199343667095112e-02
8.065972198952999286e-04 1.865713456534629638e-02
8.065767034888437137e-04 1.865646384795275822e-02
8.062113348017896277e-04 1.865645290516212279e-02
8.058364717055253217e-04 1.863944259204771206e-02
8.057956692424211300e-04 1.863198706105036878e-02
8.057900669769654453e-04 1.863192653843742316e-02
8.056422403692517064e-04 1.862897617766749725e-02
8.056417358642979426e-04 1.862838248272680533e-02
8.055254423888157621e-04 1.862468273630264390e-02
8.054950663343846389e-04 1.861893245139445083e-02
8.054685315756737176e-04 1.861447783144276613e-02
8.052637592808657924e-04 1.861248031067078493e-02
8.052637539348695772e-04 1.861245126502163172e-02
8.049391698738973507e-04 1.861236503204657944e-02
8.049388112195619534e-04 1.861209319127638678e-02
8.046192808813046674e-04 1.858103803247564481e-02
8.046166263582671960e-04 1.857811868834110744e-02
8.046157748324247365e-04 1.857795013200505552e-02
8.045256689577022198e-04 1.857280294144314503e-02
8.041755783363981579e-04 1.857109903027878012e-02
8.038934889839967086e-04 1.856847830176612188e-02
8.038664403022560039e-04 1.856847344451239765e-02
8.037983567538435799e-04 1.856684969876850125e-02
8.037683679609718655e-04 1.856651555184571367e-02
8.037190158410089996e-04 1.856538760274001332e-02
8.034860016554813732e-04 1.856224136693286272e-02
8.031866010521459924e-04 1.855765065746341549e-02
8.030926515293030981e-04 1.855334562488581904e-02
8.030089342116620427e-04 1.855300395802269783e-02
8.029417341693116574e-04 1.854899410837246646e-02
8.029393179925002969e-04 1.854710047793074745e-02
8.027830689356677766e-04 1.854710039355401269e-02
8.025200341662290168e-04 1.854433558391363479e-02
8.023004800243932130e-04 1.854046034334222784e-02
8.022971978534082374e-04 1.854036530622734519e-02
8.022897670206505282e-04 1.853964919625054886e-02
8.021271165318154739e-04 1.853426090049437036e-02
8.018789139532437162e-04 1.853076700299790408e-02
8.018706695166084863e-04 1.853076695208669827e-02
8.018706052195296490e-04 1.853060997556502110e-02
8.015656264460421353e-04 1.851706227881301167e-02
8.014009425123587048e-04 1.851499368488124242e-02
8.012566311063590947e-04 1.850726542373930944e-02
8.012525499672071023e-04 1.850346013671115564e-02
8.011040910432205625e-04 1.849698844946526602e-02
8.011014933369481426e-04 1.849587680351178626e-02
8.010718845646260704e-04 1.849531591708526712e-02
8.010279902231904996e-04 1.847833008957775955e-02
8.010234067008657928e-04 1.847710317472939581e-02
8.006980951947043025e-04 1.847204020244123251e-02
8.006347513491200111e-04 1.846299790889879486e-02
8.006191770783061467e-04 1.846296639877252274e-02
8.005827134136396734e-04 1.846184613775167169e-02
8.005817148949291411e-04 1.846134671688426723e-02
8.005724420444783242e-04 1.846075452870665420e-02
8.005717953487880532e-04 1.845941611449306019e-02
7.998732392295441508e-04 1.844157030238200226e-02
7.998507414731970307e-04 1.844103267843357624e-02
7.998273823930667804e-04 1.843944435647812755e-02
7.998143983298798597e-04 1.843520392265840177e-02
7.996597261033399793e-04 1.843208822948368478e-02
7.996197097355478957e-04 1.842699851976738537e-02
7.995134679329830114e-04 1.842574183631134899e-02
7.995014951334331564e-04 1.842549669969618942e-02
7.994990794826958803e-04 1.842545382468164378e-02
7.994532811664159869e-04 1.842541148299261383e-02
7.994257492819619804e-04 1.842414770377925198e-02
7.990768317033093227e-04 1.842031800941695829e-02
7.990561944938796889e-04 1.842030509387256043e-02
7.990468089006890319e-04 1.842011803350341453e-02
7.989560729259186393e-04 1.842001795841980913e-02
7.989525068474465173e-04 1.841793153447776610e-02
7.988512060571694275e-04 1.841081363764127815e-02
7.988235289393471206e-04 1.840103235282337241e-02
7.987945723389301787e-04 1.840003947988540917e-02
7.987876241206227175e-04 1.840002444781689561e-02
7.987339154658436866e-04 1.839693060524112342e-02
7.987240664767434944e-04 1.839380710555194379e-02
7.987081774829345691e-04 1.839380703936394079e-02
7.985958598403591034e-04 1.839357484574080312e-02
7.985814456991188097e-04 1.839355674197513252e-02
7.985762068962615765e-04 1.839069217280129773e-02
7.985652888198828273e-04 1.838823423587136047e-02
7.984975025770933406e-04 1.838307673480929147e-02
7.980844486888045465e-04 1.837759521886781974e-02
7.980101457106315334e-04 1.837079134516077239e-02
7.979271239921009078e-04 1.836970884706843818e-02
7.979227597908457531e-04 1.836789142664599361e-02
7.977983813829660686e-04 1.835949881411125251e-02
7.977844207204842254e-04 1.835827181694256807e-02
7.977192482646298932e-04 1.835820520635170205e-02
7.976889662290404187e-04 1.834971293651050869e-02
7.976577248895580030e-04 1.834929635564738065e-02
7.976486323803955300e-04 1.834923635109804094e-02
7.972483957599355324e-04 1.833018108586643991e-02
7.972424203478246712e-04 1.832934491791488735e-02
7.972294880938806273e-04 1.832932490416327997e-02
7.972154970105962968e-04 1.832905445409540451e-02
7.971586569443133612e-04 1.832904841983872685e-02
7.971573362757957814e-04 1.832794281638303394e-02
7.971511737966817564e-04 1.832230333019638571e-02
7.968177813362743375e-04 1.831368163550577827e-02
7.967133080103137605e-04 1.831030361144285121e-02
7.966932076783608471e-04 1.830923954592024797e-02
7.966929361742842476e-04 1.830921857964422708e-02
7.966809385768266333e-04 1.830792538275657563e-02
7.966758644613646315e-04 1.830700110961899774e-02
7.966589511079628970e-04 1.830665714504993782e-02
7.966589508938471710e-04 1.830566056295501037e-02
7.966512538680780350e-04 1.830516066178649801e-02
7.966512490337624699e-04 1.830278675963855142e-02
7.965809214489997505e-04 1.829627695042704283e-02
7.965499141659719996e-04 1.829382425271779133e-02
7.965124400464382868e-04 1.829382326953078383e-02
7.963934283286088585e-04 1.828859162065676891e-02
7.963919931252211922e-04 1.828858171784628756e-02
7.963771246448875327e-04 1.828857493735270776e-02
7.963509982304346497e-04 1.828662407562634332e-02
7.963451657669259626e-04 1.828629861205990914e-02
7.963098703971114092e-04 1.828582677056415223e-02
7.962969992625601153e-04 1.828553125223519177e-02
7.962450365198126771e-04 1.828246764591942922e-02
7.962410370004378108e-04 1.828238479577122891e-02
7.962391195624264921e-04 1.828238312089207340e-02
7.961464731025931973e-04 1.827767608699567073e-02
7.961001563359833277e-04 1.827709215429907871e-02
7.960854262177284070e-04 1.827351624929219459e-02
7.959129687572253373e-04 1.826798715135159387e-02
7.959116548267768446e-04 1.826797715715618858e-02
7.959103302005418644e-04 1.826796429923712578e-02
7.959063135323888325e-04 1.826796128131948083e-02
7.958586359621758069e-04 1.826793603089124640e-02
7.958238604245090669e-04 1.826779980207690612e-02
7.957984222460396870e-04 1.826763722220857075e-02
7.957633591503237430e-04 1.826685180065549044e-02
7.956910337048739160e-04 1.826683705383601308e-02
7.955994258862996663e-04 1.826147391275529178e-02
7.955809681392667218e-04 1.826125813448983837e-02
7.955542798544804842e-04 1.826029864888745191e-02
7.954270705879688732e-04 1.825415246698017593e-02
7.953874146196566889e-04 1.825137735592660682e-02
7.953749524225879044e-04 1.825136083909464912e-02
7.953691434120671415e-04 1.825053851117877657e-02
7.953595328637134802e-04 1.824886932697856665e-02
7.953595008899583480e-04 1.824880736078392934e-02
7.953513302338973247e-04 1.824837629321072671e-02
7.953491285142361361e-04 1.824830659809034347e-02
7.951344405867036974e-04 1.824677206729714840e-02
7.951139908604833596e-04 1.824456669219170352e-02
7.950697136775763734e-04 1.824442952758140515e-02
7.950336296884093819e-04 1.824316307544281840e-02
7.947512223084175591e-04 1.823395630830068961e-02
7.947369807683036906e-04 1.823336795388040554e-02
7.947204022677034760e-04 1.823151822502953531e-02
7.945588935418702739e-04 1.822520635477498097e-02
7.945281173080295757e-04 1.821892890160965034e-02
7.944053455827991203e-04 1.821753350876383765e-02
7.943701428031245491e-04 1.821532265281664356e-02
7.939739731097667126e-04 1.819173909741901227e-02
7.939619312341704340e-04 1.819137304794370136e-02
7.939107103989758579e-04 1.818531032245981199e-02
7.935503108793250668e-04 1.818135572989484569e-02
7.935501600937874735e-04 1.818083326317937107e-02
7.934941058640427409e-04 1.818024554587389929e-02
7.934920934634256094e-04 1.817997985590978638e-02
7.928857533964481013e-04 1.816601821747844056e-02
7.928789480965404111e-04 1.816437538643020377e-02
7.928785485424600515e-04 1.816431596412614036e-02
7.922603447906353133e-04 1.814893210699926318e-02
7.921818265327078192e-04 1.814505536277698575e-02
7.921703830988134415e-04 1.813877786289452843e-02
7.920914694146924222e-04 1.813696524199372856e-02
7.920820715174323266e-04 1.813692089396594723e-02
7.919698171249421517e-04 1.813471823776965572e-02
7.919415190732013044e-04 1.813198568081072007e-02
7.919194429154675181e-04 1.812929950588080749e-02
7.919185858993279311e-04 1.812919274120946070e-02
7.919185858674050076e-04 1.812919243226793209e-02
7.918997637395473960e-04 1.812718431988056406e-02
7.918710300538900218e-04 1.812605489799550690e-02
7.918481261604935631e-04 1.812593112356815361e-02
7.918210717163740031e-04 1.812365166779799849e-02
7.916424796043665911e-04 1.811837009245348407e-02
7.915661514755389840e-04 1.811546482089926996e-02
7.915593869165490947e-04 1.811468130016892844e-02
7.915587227799685118e-04 1.811468095321942806e-02
7.915468860184761033e-04 1.811205580613204844e-02
7.915310353398233474e-04 1.811050802470821203e-02
7.915040358807072084e-04 1.810967000094832607e-02
7.913634731815268443e-04 1.810647061786471376e-02
7.911948365331532415e-04 1.809772053363373906e-02
7.911738654161963287e-04 1.809768684097870853e-02
7.911713939944614235e-04 1.809767795083761996e-02
7.909128542712767166e-04 1.808982700332470439e-02
7.909005033920279114e-04 1.808902423492766975e-02
7.908516648650010207e-04 1.808902411121527526e-02
7.908146808530040024e-04 1.808740356764219209e-02
7.908109632513359803e-04 1.808633403236654946e-02
7.908090340235336213e-04 1.808617463551035615e-02
7.908014800337018549e-04 1.808585168657404069e-02
7.907583476433235458e-04 1.808532230344158179e-02
7.907550794727486679e-04 1.808467900409065077e-02
7.907542595349382033e-04 1.808329082674397029e-02
7.906993974369721807e-04 1.808260695612007307e-02
7.906859312228858676e-04 1.808062885963583610e-02
7.906675926807318552e-04 1.808056279672046185e-02
7.905913940657953963e-04 1.807941995453847539e-02
7.905844135832372022e-04 1.807916299112835232e-02
7.905608514003758126e-04 1.807630436777191846e-02
7.905590354758299876e-04 1.807496679848091467e-02
7.905469667873451026e-04 1.807359202848820429e-02
7.901693174333023709e-04 1.806789960826752500e-02
7.901475024782288886e-04 1.806607283042913764e-02
7.900778875489543936e-04 1.806575936611401478e-02
7.900687286520392035e-04 1.806554329271730860e-02
7.899919491054946960e-04 1.805532098205595709e-02
7.899845154794611765e-04 1.805479198356391146e-02
7.899834733620192482e-04 1.805450011350418632e-02
7.899813287135920830e-04 1.805276260608713185e-02
7.899811016752895368e-04 1.805248245090789599e-02
7.899433535548684151e-04 1.805240201210034368e-02
7.899349949682451123e-04 1.805153040239975554e-02
7.896356542190545924e-04 1.804267023575290008e-02
7.896209451765388073e-04 1.804211703953144050e-02
7.895895349475242578e-04 1.804195036351450426e-02
7.895786980322491710e-04 1.804172861227002628e-02
7.894195785206964888e-04 1.803711156319072473e-02
7.893308882723449812e-04 1.803287065774944117e-02
7.892920769579613027e-04 1.803187812244853860e-02
7.892857787966203222e-04 1.803177211458340326e-02
7.891720871004396934e-04 1.802575637222319713e-02
7.891531469297720716e-04 1.802475118217483976e-02
7.891520286341146065e-04 1.802221793968775479e-02
7.891446780253517706e-04 1.802184786031393177e-02
7.891430087880788426e-04 1.802175685396432275e-02
7.891258144918621978e-04 1.801881411752409221e-02
7.889866043445287235e-04 1.800883719947148770e-02
7.889744315170453071e-04 1.800672754077036267e-02
7.889698418954358946e-04 1.800655371363977034e-02
7.889135804289307491e-04 1.800566956524454407e-02
7.889023664224369516e-04 1.800518620531111821e-02
7.887906043305797617e-04 1.800263358167345298e-02
7.887601531391940377e-04 1.799897043944882410e-02
7.886804313528418368e-04 1.799344356624608260e-02
7.886752763040055748e-04 1.799343535357315546e-02
7.886752505657533335e-04 1.799258764695349858e-02
7.886324064515736181e-04 1.799243163225260067e-02
7.885411899335949184e-04 1.799150159233289109e-02
7.885002453119464589e-04 1.798875514728484962e-02
7.884631779114960716e-04 1.798385741721134773e-02
7.884588386034213159e-04 1.798345996764099189e-02
7.884445993771996893e-04 1.798344089385517375e-02
7.884434169298474172e-04 1.798343598758464154e-02
7.884431808099338652e-04 1.798339981146910779e-02
7.883506118400519834e-04 1.797919163162402939e-02
7.883491286063878381e-04 1.797819257393352618e-02
7.883474318859483429e-04 1.797747301934566472e-02
7.883448049226408688e-04 1.797722345136395020e-02
7.883286548533466028e-04 1.797616945331406008e-02
7.882145879189521006e-04 1.797017240307819883e-02
7.881675434156515522e-04 1.797013638527724527e-02
7.881674773927129169e-04 1.796955360966196943e-02
7.879541616008171444e-04 1.796345815874038354e-02
7.879524809629546512e-04 1.796273347489242209e-02
7.879486275758526255e-04 1.796242160390183751e-02
7.879184954516136284e-04 1.795942119131407888e-02
7.879158003364181585e-04 1.795920070315541739e-02
7.879157200336620688e-04 1.795905376829696684e-02
7.878925957220293212e-04 1.795723958081376845e-02
7.878471719898073183e-04 1.795664015286013368e-02
7.877574232757825201e-04 1.795332961658452006e-02
7.877566542976194731e-04 1.795244579981842420e-02
7.877326384709612940e-04 1.795167904551467700e-02
7.877206261768232836e-04 1.795166990728761652e-02
7.877194536949268808e-04 1.795153847869948582e-02
7.877058114740462507e-04 1.795093002971196935e-02
7.876689716165179763e-04 1.794995699905259715e-02
7.876652168407675654e-04 1.794986776184826285e-02
7.876332917016379276e-04 1.794953739077756114e-02
7.876285873063156289e-04 1.794953105372711424e-02
7.875897039092222491e-04 1.794749640792197773e-02
7.875792013549684544e-04 1.794727782989780085e-02
7.875160988270906489e-04 1.794713651239152399e-02
7.875158088473607505e-04 1.794705626735731627e-02
7.875064013228608942e-04 1.794704491669345953e-02
7.875042252052019947e-04 1.794703535990915116e-02
7.875018329517720307e-04 1.794698056003611250e-02
7.874446721914330405e-04 1.794614060913467257e-02
7.874335679264782327e-04 1.794455177967285361e-02
7.874284947980812613e-04 1.794446642354070864e-02
7.874047172265455277e-04 1.794185135515352636e-02
7.874040845674489756e-04 1.794019094676499448e-02
7.873908597007096095e-04 1.793795969180137992e-02
7.871691623546203057e-04 1.792758568449171266e-02
7.871671451138724908e-04 1.792741054640788548e-02
7.871659985993460524e-04 1.792740832689310171e-02
7.871645561660942179e-04 1.792699248050515920e-02
7.871626872715136759e-04 1.792696438834135916e-02
7.871460345899985783e-04 1.792673764079047438e-02
7.871372918326738398e-04 1.792607104574745619e-02
7.871328965736094745e-04 1.792604908825892393e-02
7.871133911491541742e-04 1.792481952229278697e-02
7.871087940003152709e-04 1.792435322656119392e-02
7.871077709256395129e-04 1.792419206440176022e-02
7.870971323541134032e-04 1.792415606125447383e-02
7.870611464193434789e-04 1.792266465179489718e-02
7.870216171399062885e-04 1.792056327199294946e-02
7.870174680352654819e-04 1.792051851686549124e-02
7.870047549373461460e-04 1.792009079482015377e-02
7.869520743995667448e-04 1.791895995688853882e-02
7.869341272158147981e-04 1.791787592870715609e-02
7.867505438923247472e-04 1.791105044238877272e-02
7.867460257552225588e-04 1.790999470445778577e-02
7.866185905910060006e-04 1.790612150101584046e-02
7.866013781894362015e-04 1.790530150875586576e-02
7.865492011242339061e-04 1.790437897812839629e-02
7.865359500431709679e-04 1.790387556368563601e-02
7.863406157120003291e-04 1.789738737455887074e-02
7.862892413226226038e-04 1.789609843126644881e-02
7.862251025869451118e-04 1.789209684021312100e-02
7.861948472062133203e-04 1.788967559367786800e-02
7.861900755010694597e-04 1.788919262303136429e-02
7.861795199814494142e-04 1.788891472309920433e-02
7.861712174844222951e-04 1.788863726979902230e-02
7.860959930341657491e-04 1.788293715082968707e-02
7.860947284404075884e-04 1.788284885852641642e-02
7.860867750025404095e-04 1.788256595962509771e-02
7.860618943888034778e-04 1.788141320279211868e-02
7.860585091613766498e-04 1.788141159606986344e-02
7.860143306216657057e-04 1.787972998892069926e-02
7.860045749270813979e-04 1.787961283733249807e-02
7.859956774549202311e-04 1.787952842079865157e-02
7.859956034361370494e-04 1.787948894100608796e-02
7.859766683467327457e-04 1.787717645074998404e-02
7.859582047267162780e-04 1.787666091177298952e-02
7.859553970211026995e-04 1.787590303439104064e-02
7.859505535354045737e-04 1.787453456720246303e-02
7.859473789361612599e-04 1.787416314193326222e-02
7.859289275017510490e-04 1.787336519407235411e-02
7.859026798513187939e-04 1.787243492557261115e-02
7.859023698041204837e-04 1.787243368081078976e-02
7.858998934373374098e-04 1.787240614855080054e-02
7.858768766056889931e-04 1.787230939756312420e-02
7.858751001439401307e-04 1.787228689744191357e-02
7.858713691587107053e-04 1.787212379211837454e-02
7.858685607372253206e-04 1.787203964494388578e-02
7.858596535210180889e-04 1.787188819116983934e-02
7.858121619847583880e-04 1.787101381251719745e-02
7.858027983723247893e-04 1.787050638249141829e-02
7.857943321729100872e-04 1.786945650697578311e-02
7.856899144533062689e-04 1.786544084342259892e-02
7.856874967185747743e-04 1.786539714625371561e-02
7.856607820229592840e-04 1.786505621571051958e-02
7.856561420431077726e-04 1.786469042240233784e-02
7.856489686101921725e-04 1.786388897835046105e-02
7.855828473481116540e-04 1.786157357527295292e-02
7.855490589548080188e-04 1.786141294137597382e-02
7.855419139489852381e-04 1.786131129218439598e-02
7.854795555365989878e-04 1.785750817744057722e-02
7.853125427527079356e-04 1.785105481874814382e-02
7.853112827660980967e-04 1.785075801851295635e-02
7.852753151623992085e-04 1.784843169263265750e-02
7.852636781641329430e-04 1.784761291893126670e-02
7.852217365384207576e-04 1.784518242404510222e-02
7.851574293552819909e-04 1.784274725041461174e-02
7.851533575197734661e-04 1.784274472013653787e-02
7.851522214153311722e-04 1.784265665566537803e-02
7.851506308111776827e-04 1.784264557073280202e-02
7.851505378451391695e-04 1.784258805251798946e-02
7.851077986377850851e-04 1.784135300041813851e-02
7.850609716596546137e-04 1.783990529867807498e-02
7.850597890376521167e-04 1.783989867725987305e-02
7.850470982400748008e-04 1.783845577231053456e-02
7.850226196634383117e-04 1.783649613861806177e-02
7.849679250034554724e-04 1.783496863870332946e-02
7.848786779851711810e-04 1.783146014622840822e-02
7.848722037808679832e-04 1.783111816504782260e-02
7.848721609934927778e-04 1.783106650294868922e-02
7.848608957243811317e-04 1.783076047417488444e-02
7.848579370191378695e-04 1.783075310700354618e-02
7.848575340151985134e-04 1.783074928685901908e-02
7.848446538765234924e-04 1.783022808025747433e-02
7.848117316917093420e-04 1.782815838063186650e-02
7.848034063467128297e-04 1.782789925249246218e-02
7.847826412455769646e-04 1.782742913108622054e-02
7.847823051652729701e-04 1.782731787619714833e-02
7.847820694627591484e-04 1.782730535112648021e-02
7.847332318566189969e-04 1.782495593524557886e-02
7.847315945021394578e-04 1.782495417336269275e-02
7.847302038443850327e-04 1.782456893753634961e-02
7.847266890124729661e-04 1.782442843505690350e-02
7.846889272836804702e-04 1.782344801049030522e-02
7.846842008746638102e-04 1.782340424168413900e-02
7.846840725343708816e-04 1.782324579913422552e-02
7.846494076364254845e-04 1.782047626170610646e-02
7.846492826300462131e-04 1.782047078200828943e-02
7.846489835300235775e-04 1.782042467881458231e-02
7.846478348552950004e-04 1.782042430774000846e-02
7.846326501675576553e-04 1.782023004838541660e-02
7.846236439309408218e-04 1.781957551134667403e-02
7.846212317633525363e-04 1.781946600448805137e-02
7.846184600552376679e-04 1.781938281714815289e-02
7.846040839914126186e-04 1.781807124569636386e-02
7.845879686269517607e-04 1.781723553596902682e-02
7.845653041593101317e-04 1.781559038405864173e-02
7.845613973431517880e-04 1.781527153152501902e-02
7.845613948220879182e-04 1.781524999373567536e-02
7.845605375434985471e-04 1.781524841653714386e-02
7.845605305741933143e-04 1.781524454474810171e-02
7.845520865595551974e-04 1.781479756797369959e-02
7.845476307002586429e-04 1.781449744934960819e-02
7.845418395765868915e-04 1.781314960629751948e-02
7.845393941849456484e-04 1.781291314568464457e-02
7.845277255068095010e-04 1.781218555163099904e-02
7.845223524650440840e-04 1.781166237280481374e-02
7.845042990446194665e-04 1.781087310108464550e-02
7.845012691617075191e-04 1.781047547529502825e-02
7.844923609626665729e-04 1.781010640292867570e-02
7.844865675282574995e-04 1.780970822445538879e-02
7.844624962187233229e-04 1.780707062595582313e-02
7.844587809372140143e-04 1.780674859647439837e-02
7.844480617734520033e-04 1.780576530059075138e-02
7.844471268941583409e-04 1.780574686679066085e-02
7.844468516326600672e-04 1.780572814899120115e-02
7.844097554331705717e-04 1.780392029744374063e-02
7.844094900388458910e-04 1.780379907040515602e-02
7.844019225131830314e-04 1.780297814781572549e-02
7.843605457225658831e-04 1.780210979955159506e-02
7.843589723805087684e-04 1.780194438889574210e-02
7.843487467408057252e-04 1.780146072775266528e-02
7.843358883363973260e-04 1.780126137003889067e-02
7.843286590931082590e-04 1.780120388672968429e-02
7.843256591394408327e-04 1.780073063505037065e-02
7.843050741702891661e-04 1.779979068768367326e-02
7.842660072467192182e-04 1.779797582142208026e-02
7.842639719017443015e-04 1.779783325629452281e-02
7.842628998820172980e-04 1.779764628107972924e-02
7.842301226656500082e-04 1.779601170185901235e-02
7.842175420155722120e-04 1.779499438029947742e-02
7.842144842372024026e-04 1.779493247567427369e-02
7.842085606971764024e-04 1.779418057423392749e-02
7.842063701705569330e-04 1.779375623183721694e-02
7.841888021426678341e-04 1.779348665742513935e-02
7.841862410729200658e-04 1.779347348174181026e-02
7.841646693385381089e-04 1.779261329492394864e-02
7.841637521668470834e-04 1.779246442972797632e-02
7.841604754854950531e-04 1.779214532176762523e-02
7.840526850859337636e-04 1.778626023889590471e-02
7.840516267939409874e-04 1.778602053460182422e-02
7.840512163542945247e-04 1.778565678511358217e-02
7.840504285677838033e-04 1.778561031206685530e-02
7.840384687854207776e-04 1.778456533652321078e-02
7.840376643372242446e-04 1.778448509637224270e-02
7.840312718211860316e-04 1.778424429422752542e-02
7.840158079762301864e-04 1.778394113018435044e-02
7.840138160037986737e-04 1.778388236771693762e-02
7.840051660270666058e-04 1.778376842342490813e-02
7.840047083430122131e-04 1.778376359876956969e-02
7.839688068501754438e-04 1.778212934844539475e-02
7.839664500035833147e-04 1.778204001149497060e-02
7.839636364076515550e-04 1.778178711641253268e-02
7.839257790440731614e-04 1.778021163739058538e-02
7.839245037324655413e-04 1.778013564951311937e-02
7.839178329549183330e-04 1.777986799269950721e-02
7.838913300671833222e-04 1.777905250746752291e-02
7.838776319191103443e-04 1.777885230594223112e-02
7.838759262038093529e-04 1.777885229045235785e-02
7.838733475842267354e-04 1.777877163772090957e-02
7.838568009845949328e-04 1.777815936581864098e-02
7.838511242924859311e-04 1.777790833206439533e-02
7.838503500370958780e-04 1.777776667384685719e-02
7.838502797988613786e-04 1.777776340741510711e-02
7.838499194422194997e-04 1.777758828434714347e-02
7.838488231789386088e-04 1.777757334780469614e-02
7.838464165282072599e-04 1.777743568601556495e-02
7.838463425129330985e-04 1.777743567315345774e-02
7.838407071121535020e-04 1.777704620547735162e-02
7.838383907132164723e-04 1.777678172708974796e-02
7.838134552240729131e-04 1.777626108575676780e-02
7.838133923983365463e-04 1.777625771659794782e-02
7.838122458798459395e-04 1.777617326266090272e-02
7.837756680440389340e-04 1.777445402275040429e-02
7.837756313717887365e-04 1.777444888040387652e-02
7.837731376534712822e-04 1.777432024826380158e-02
7.837690800733317781e-04 1.777407693714995809e-02
7.837662529291682546e-04 1.777389601620627674e-02
7.837645990072571525e-04 1.777382734826494018e-02
7.837642071445426748e-04 1.777364618078300026e-02
7.837620112250917332e-04 1.777359289816167823e-02
7.837577865088059433e-04 1.777355795963760088e-02
7.837546004590631183e-04 1.777341377993790425e-02
7.837460780863662446e-04 1.777303824522879355e-02
7.837432809140327519e-04 1.777292457914261825e-02
7.837284443464249181e-04 1.777183689918504506e-02
7.837280608397325862e-04 1.777173936845228772e-02
7.837214837109553233e-04 1.777140116569305220e-02
7.837204154564905104e-04 1.777123469811088888e-02
7.837189328469965684e-04 1.777102476516197530e-02
7.837189065739878432e-04 1.777101812552610294e-02
7.837000426989350127e-04 1.776945571039352523e-02
7.836998927445458290e-04 1.776941806214783759e-02
7.836905906486646076e-04 1.776909803352327150e-02
7.836865910604160152e-04 1.776877609673813835e-02
7.836831852292236401e-04 1.776869242738489049e-02
7.836815088810838038e-04 1.776855732218754827e-02
7.836751314814606548e-04 1.776851627876994966e-02
7.836749034302722614e-04 1.776824945666225647e-02
7.836740732430869886e-04 1.776813028588241500e-02
7.836696607218452586e-04 1.776795684460790586e-02
7.836553208456482986e-04 1.776764157005125688e-02
7.836537333677486223e-04 1.776763827683101177e-02
7.836447135671588187e-04 1.776716514236322333e-02
7.836298403160905706e-04 1.776661018537740652e-02
7.836290303401604934e-04 1.776651948744372225e-02
7.836282123134361184e-04 1.776649950592508811e-02
7.836281919527340618e-04 1.776647863428331905e-02
7.835978263089961879e-04 1.776512375749894623e-02
7.835962356150878889e-04 1.776511510303961650e-02
7.835953845359860557e-04 1.776505293069794572e-02
7.835948357260867289e-04 1.776504559095055946e-02
7.835944535776739883e-04 1.776503091697326578e-02
7.835915105694089486e-04 1.776475467124243729e-02
7.835887548114234269e-04 1.776469517665940287e-02
7.835887530212677296e-04 1.776460760790219903e-02
7.835874114406991961e-04 1.776451232525105839e-02
7.835869429211872721e-04 1.776448772938757012e-02
7.835853810909177743e-04 1.776437437669438346e-02
7.835835931543360007e-04 1.776424869362649289e-02
7.835834736865111535e-04 1.776422792950912988e-02
7.835834024794245938e-04 1.776418256204371701e-02
7.835830016881406438e-04 1.776404959947888718e-02
7.835828695856332168e-04 1.776404104584695942e-02
7.835744726467798850e-04 1.776368852738849022e-02
7.835744362080600050e-04 1.776353148010264074e-02
7.835687788833724070e-04 1.776342946763830033e-02
7.835612871126191627e-04 1.776331878548177701e-02
7.835608915881329527e-04 1.776330708336925149e-02
7.835608902261966728e-04 1.776330706678681814e-02
7.835540316100183134e-04 1.776275817040343791e-02
7.835537994663568147e-04 1.776270903361978210e-02
7.835504816262170349e-04 1.776249164344732498e-02
7.835489875355732946e-04 1.776248022833590637e-02
7.835441100576105451e-04 1.776233870218875757e-02
7.835432071862616799e-04 1.776233845422203750e-02
7.835428249277123216e-04 1.776233808650946530e-02
7.835424652217588219e-04 1.776221173514591634e-02
7.835424342986722478e-04 1.776216226798892767e-02
7.835421640188911614e-04 1.776183363951065741e-02
7.835409513404054289e-04 1.776173557934332056e-02
7.835284954791009145e-04 1.776089578143386430e-02
7.835214659071278957e-04 1.776064439695096420e-02
7.835204392583960476e-04 1.776064321911491675e-02
7.835112289190344177e-04 1.776027994705516033e-02
7.835012655134917592e-04 1.775963852875684507e-02
7.834943105135038291e-04 1.775918726389515492e-02
7.834922135232771836e-04 1.775895760227600914e-02
7.834902801507160697e-04 1.775895659384698483e-02
7.834778683029348500e-04 1.775883408230001168e-02
7.834778263867065492e-04 1.775883402442860262e-02
7.834542947994251570e-04 1.775722853646304750e-02
7.834536621798791076e-04 1.775716974247944224e-02
7.834536242991779276e-04 1.775713149653668221e-02
7.834535568134590915e-04 1.775712541091147359e-02
7.834528502228686915e-04 1.775710708789302039e-02
7.834474196779863146e-04 1.775643218190427544e-02
7.834473835708651154e-04 1.775642953477849298e-02
7.834433158416185790e-04 1.775613955507426844e-02
7.834426061998882177e-04 1.775612283603033789e-02
7.834309225168390681e-04 1.775557019035245085e-02
7.834306805014093445e-04 1.775543854025995322e-02
7.834196594630934421e-04 1.775497878138959651e-02
7.834196590412625776e-04 1.775497815462738493e-02
7.834193335879683804e-04 1.775496648662052215e-02
7.834192857302551454e-04 1.775496647563064648e-02
7.834188354210962603e-04 1.775492122363045433e-02
7.834183122288777617e-04 1.775492121472820733e-02
7.834179513200488975e-04 1.775475265800961766e-02
7.834178838500220447e-04 1.775475170411814838e-02
7.834165583208471239e-04 1.775464796679155147e-02
7.834163028991338300e-04 1.775454811675597142e-02
7.834138129143744349e-04 1.775445844256557174e-02
7.834135941790229887e-04 1.775444471974079244e-02
7.834083550002891253e-04 1.775432300740769492e-02
7.834077753922651143e-04 1.775432241117357035e-02
7.834073988287183852e-04 1.775431842067519764e-02
7.833991380081724342e-04 1.775403823684909912e-02
7.833875976580793573e-04 1.775316164625562881e-02
7.833872646797286274e-04 1.775313521307089748e-02
7.833856792975225783e-04 1.775299801900479327e-02
7.833741375831733541e-04 1.775253550573710828e-02
7.833740754804904404e-04 1.775251801962839451e-02
7.833722653381317361e-04 1.775229862139757198e-02
7.833699099074294733e-04 1.775216070574166596e-02
7.833650740835199772e-04 1.775198992996608952e-02
7.833650695201664843e-04 1.775196762888243615e-02
7.833647537220502031e-04 1.775193499222857060e-02
7.833619429734932317e-04 1.775189624002349378e-02
7.833618823095374935e-04 1.775188818914529357e-02
7.833618711105493591e-04 1.775181844873914214e-02
7.833618398178569635e-04 1.775170305957992148e-02
7.833614804922523194e-04 1.775169457275286439e-02
7.833614750004235395e-04 1.775154947634947564e-02
